Dependents,Applicant_Income,Coapplicant_Income,Loan_Amount,Total_Income,DTI,Dept_Ratio,Gender_Male,Married_Yes,Education_Not Graduate,Self_Employed_Yes,Credit_History_1.0,Property_Area_Rural,Property_Area_Semiurban,Property_Area_Urban,Loan_Amount_Term_grouped_180.0,Loan_Amount_Term_grouped_360.0,Loan_Amount_Term_grouped_Other,Has_Coapplicant,Applicant_Income_log,Coapplicant_Income_log,Loan_Amount_log,Total_Income_log,DTI_log,Dept_Ratio_log
0,3254.0,0.0,50.0,3254.0,65.08,65.08,1,0,0,0,1,0,0,1,0,1,0,0,8.08794755464267,0.0,3.9318256327243257,8.08794755464267,4.190866129212723,4.190866129212723
1,3315.0,0.0,96.0,3315.0,34.53125,34.53125,1,1,0,0,1,0,1,0,0,1,0,0,8.106514516255185,0.0,4.574710978503383,8.106514516255185,3.5704125909508093,3.5704125909508093
2,3340.0,1710.0,150.0,5050.0,33.666666666666664,22.266666666666666,1,1,0,0,0,1,0,0,0,1,0,1,8.114025442356757,7.444833273892193,5.017279836814924,8.527341522468053,3.545778610473263,3.147021721100217
1,2653.0,1500.0,113.0,4153.0,36.75221238938053,23.47787610619469,1,1,1,0,0,1,0,0,1,0,0,1,7.8838232148921525,7.313886831633462,4.736198448394496,8.331827004436057,3.631044080318955,3.1977696935123627
0,2620.0,2223.0,150.0,4843.0,32.28666666666667,17.466666666666665,1,1,0,0,1,0,1,0,0,1,0,1,7.8713112033234065,7.707062655370473,5.017279836814924,8.485496104672983,3.5051569164043537,2.9159673050851285
2,1875.0,1875.0,97.0,3750.0,38.65979381443299,19.329896907216494,1,1,1,1,1,0,1,0,0,1,0,1,7.53689712956617,7.53689712956617,4.584967478670572,8.229777750081887,3.6803379242489123,3.012092556659198
0,3000.0,3416.0,56.0,6416.0,114.57142857142857,53.57142857142857,1,1,0,0,1,0,1,0,1,0,0,1,8.006700845440367,8.136518252115291,4.04305126783455,8.766705997750515,4.749888768003179,3.999510459551262
0,2383.0,2138.0,58.0,4521.0,77.94827586206897,41.08620689655172,1,1,0,0,1,1,0,0,0,1,0,1,7.776535028185241,7.668093709082406,4.07753744390572,8.416709652837914,4.368792902110676,3.7397200598465408
0,7441.0,0.0,194.0,7441.0,38.355670103092784,38.355670103092784,0,0,0,1,1,1,0,0,0,1,0,0,8.914894908906568,0.0,5.272999558563747,8.914894908906568,3.672640058589405,3.672640058589405
0,4583.0,5625.0,255.0,10208.0,40.03137254901961,17.972549019607843,1,1,0,0,1,0,1,0,0,1,0,1,8.430327258394575,8.635153989049803,5.545177444479562,9.231024963169016,3.714336958222621,2.9429931460115464
1,37719.0,0.0,152.0,37719.0,248.15131578947367,248.15131578947367,1,0,0,0,1,0,1,0,0,1,0,0,10.44098334443507,0.0,5.030437921392435,10.537945736747394,5.400280839715297,5.354291501873354
0,13650.0,0.0,128.0,13650.0,106.640625,106.640625,1,1,0,0,1,0,0,1,0,1,0,0,9.521568058002977,0.0,4.859812404361672,9.521568058002977,4.678798132233524,4.678798132233524
1,2876.0,1560.0,90.0,4436.0,49.28888888888889,31.955555555555556,0,0,0,0,1,0,0,1,0,1,0,1,7.964503363551548,7.353081920515432,4.51085950651685,8.39773375137891,3.9177841558632176,3.495159852367612
0,3750.0,4750.0,176.0,8500.0,48.29545454545455,21.306818181818183,1,0,0,0,1,0,0,1,0,1,0,1,8.229777750081887,8.46611040118692,5.176149732573829,9.04793908261736,3.8978318769086133,3.1048923797982546
2,2583.0,2330.0,125.0,4913.0,39.304,20.664,1,1,0,0,1,1,0,0,0,1,0,1,7.857093864902493,7.754052639035757,4.836281906951478,8.499843553081124,3.6964507196102545,3.0756518967298647
0,6000.0,2250.0,265.0,8250.0,31.132075471698112,22.641509433962263,1,1,0,0,1,0,1,0,0,1,0,1,8.699681400989514,7.719129840906732,5.583496308781699,9.018089684104343,3.4698547671105664,3.1630040413439464
0,4166.0,7210.0,184.0,11376.0,61.82608695652174,22.641304347826086,1,0,0,0,1,0,0,1,0,1,0,1,8.334951631422454,8.88336291691676,5.220355825078324,9.339349052539717,4.140370384617383,3.1629953664737442
0,7333.0,0.0,120.0,7333.0,61.108333333333334,61.108333333333334,1,0,1,0,1,1,0,0,0,1,0,0,8.900276348631271,0.0,4.795790545596741,8.900276348631271,4.128880172099648,4.128880172099648
3,4333.0,1811.0,160.0,6144.0,38.4,27.08125,1,1,0,0,0,0,0,1,0,1,0,1,8.374246182096304,7.502186486602924,5.081404364984463,8.723394022000136,3.673765816303888,3.335102093836333
2,4288.0,3263.0,133.0,7551.0,56.774436090225564,32.2406015037594,1,1,1,0,1,0,0,1,1,0,0,1,8.36380888451688,8.090708716083997,4.897839799950911,8.929567707825337,4.056546395666693,3.5037720656044895
3,4000.0,7750.0,290.0,11750.0,40.51724137931034,13.793103448275861,1,1,0,0,1,0,1,0,0,1,0,1,8.294299608857235,8.955577146281511,5.673323267171493,9.371693622333941,3.726108795882292,2.694161088941543
0,4695.0,0.0,96.0,4695.0,48.90625,48.90625,1,1,1,1,1,0,0,1,0,1,0,0,8.454466361507933,0.0,4.574710978503383,8.454466361507933,3.910146245415286,3.910146245415286
2,2045.0,1619.0,101.0,3664.0,36.277227722772274,20.247524752475247,1,1,0,0,1,1,0,0,0,1,0,1,7.6236419465115715,7.3901814282264295,4.624972813284271,8.206583614320753,3.6183826233927343,3.056240406349384
1,10000.0,0.0,155.0,10000.0,64.51612903225806,64.51612903225806,1,1,0,1,1,1,0,0,0,1,0,0,9.210440366976517,0.0,5.049856007249537,9.210440366976517,4.182296357095239,4.182296357095239
1,3500.0,1083.0,135.0,4583.0,33.94814814814815,25.925925925925927,1,1,1,0,1,0,0,1,0,1,0,1,8.160803920954665,6.988413181999592,4.912654885736052,8.430327258394575,3.553865481529191,3.2930896115291906
0,5568.0,2142.0,175.0,7710.0,44.05714285714286,31.81714285714286,1,1,0,0,1,1,0,0,0,1,0,1,8.624970783589669,7.669961995473577,5.170483995038151,8.95040315983296,3.8079315254736246,3.4909510269407824
1,6083.0,4250.0,330.0,10333.0,31.312121212121212,18.433333333333334,1,1,0,0,1,0,0,1,0,1,0,1,8.713417653379183,8.35490952835879,5.802118375377063,9.24319470884713,3.4754424295576536,2.966989804688337
2,5746.0,0.0,144.0,5746.0,39.90277777777778,39.90277777777778,1,1,0,1,1,1,0,0,0,0,1,0,8.656433258507741,0.0,4.976733742420574,8.656433258507741,3.7111979770696317,3.7111979770696317
0,3593.0,4266.0,132.0,7859.0,59.53787878787879,27.21969696969697,1,1,0,0,0,1,0,0,1,0,0,1,8.187021067343505,8.358666283188,4.890349128221754,8.969541885423252,4.103269264788092,3.340020208227289
3,3167.0,4000.0,180.0,7167.0,39.81666666666667,17.594444444444445,1,1,0,0,0,0,1,0,0,0,1,1,8.060855752934316,8.294299608857235,5.198497031265826,8.877381954654766,3.7090904947300674,2.9228628503211165
0,2500.0,0.0,67.0,2500.0,37.3134328358209,37.3134328358209,0,0,0,0,1,0,0,1,0,1,0,0,7.824445930877619,0.0,4.219507705176107,7.824445930877619,3.6458005614801743,3.6458005614801743
0,2995.0,0.0,60.0,2995.0,49.916666666666664,49.916666666666664,0,0,0,0,1,0,0,1,0,1,0,0,8.005033344637111,0.0,4.110873864173311,8.005033344637111,3.930190309383595,3.930190309383595
0,3846.0,0.0,111.0,3846.0,34.648648648648646,34.648648648648646,0,0,0,0,1,0,1,0,0,1,0,0,8.255048902752295,0.0,4.718498871295094,8.255048902752295,3.57371124007309,3.57371124007309
0,3583.0,0.0,96.0,3583.0,37.322916666666664,37.322916666666664,1,0,0,0,1,0,0,1,0,1,0,0,8.18423477409482,0.0,4.574710978503383,8.18423477409482,3.646048063636938,3.646048063636938
1,5333.0,1131.0,186.0,6464.0,34.75268817204301,28.672043010752688,1,1,1,0,1,0,0,1,0,1,0,1,8.58185670474196,7.0317412587631285,5.231108616854587,8.774158291205957,3.5766254599366984,3.3902052897263
2,5935.0,0.0,133.0,5935.0,44.62406015037594,44.62406015037594,1,1,0,0,1,0,1,0,0,1,0,0,8.688790784847216,0.0,4.897839799950911,8.688790784847216,3.820435212246669,3.820435212246669
0,4166.0,0.0,116.0,4166.0,35.91379310344828,35.91379310344828,0,0,0,0,0,0,1,0,0,1,0,0,8.334951631422454,0.0,4.762173934797756,8.334951631422454,3.6085852780432637,3.6085852780432637
2,4400.0,0.0,127.0,4400.0,34.645669291338585,34.645669291338585,1,1,0,0,0,0,1,0,0,1,0,0,8.38958706681109,0.0,4.852030263919617,8.38958706681109,3.573627660977367,3.573627660977367
0,6000.0,0.0,140.0,6000.0,42.857142857142854,42.857142857142854,1,0,0,0,1,1,0,0,0,1,0,0,8.699681400989514,0.0,4.948759890378168,8.699681400989514,3.780937598531884,3.780937598531884
0,1916.0,5063.0,67.0,6979.0,104.16417910447761,28.597014925373134,1,0,0,0,1,1,0,0,0,1,0,1,7.558516743045645,8.529911963824013,4.219507705176107,8.850804195756417,4.655522739510217,3.3876735091288297
1,1000.0,3022.0,110.0,4022.0,36.56363636363636,9.090909090909092,1,1,0,1,1,0,0,1,0,1,0,1,7.148817330798692,8.014004994779459,4.709530201312334,8.299783171949787,3.626036464447113,2.3116349285139637
2,4167.0,1447.0,158.0,5614.0,35.53164556962025,26.373417721518987,1,1,0,0,1,1,0,0,0,1,0,1,8.335191583433202,7.277938572945661,5.0689042022202315,8.633196867172543,3.5981788868667945,3.309572386339013
0,4133.0,0.0,122.0,4133.0,33.877049180327866,33.877049180327866,1,0,0,0,1,0,1,0,0,1,0,0,8.327000740241713,0.0,4.812184355372417,8.327000740241713,3.5518289962742178,3.5518289962742178
1,2014.0,2925.0,113.0,4939.0,43.70796460176991,17.82300884955752,1,1,0,0,1,0,0,1,0,1,0,1,7.608374474380783,7.98139158158007,4.736198448394496,8.505120610181969,3.800151664758041,2.9350799964878966
0,3189.0,2598.0,120.0,5787.0,48.225,26.575,1,0,1,0,1,1,0,0,0,1,0,1,8.06777619577889,7.8628820346414905,4.795790545596741,8.663542087751374,3.8964016245251893,3.316909565139566
3,3095.0,0.0,113.0,3095.0,27.38938053097345,27.38938053097345,1,1,1,0,1,1,0,0,0,1,0,0,8.037866234709618,0.0,4.736198448394496,8.037866234709618,3.3460151502740647,3.3460151502740647
2,5000.0,3667.0,236.0,8667.0,36.72457627118644,21.1864406779661,1,1,0,0,1,0,1,0,0,1,0,1,8.517393171418904,8.207401833376355,5.4680601411351315,9.067393362656249,3.6303117725480614,3.0994813220041806
1,4583.0,1508.0,128.0,6091.0,47.5859375,35.8046875,1,1,0,0,1,1,0,0,0,1,0,1,8.430327258394575,7.319202458767849,4.859812404361672,8.714731714015052,3.883334137184272,3.605625214780424
0,3463.0,0.0,122.0,3463.0,28.385245901639344,28.385245901639344,0,0,0,1,1,0,0,1,0,1,0,0,8.150179269682326,0.0,4.812184355372417,8.150179269682326,3.3804927083004643,3.3804927083004643
0,5726.0,4595.0,258.0,10321.0,40.00387596899225,22.1937984496124,1,1,0,0,1,0,1,0,0,1,0,1,8.652947112393857,8.432941638968646,5.556828061699537,9.242032818708672,3.7136665980651573,3.1438849347326956
0,8333.0,0.0,280.0,8333.0,29.760714285714286,29.760714285714286,0,0,0,0,1,0,1,0,0,1,0,0,9.0280988119824,0.0,5.638354669333745,9.0280988119824,3.4262383656199242,3.4262383656199242
2,3547.0,0.0,80.0,3547.0,44.3375,44.3375,1,0,0,0,0,1,0,0,0,1,0,0,8.17413934342947,0.0,4.394449154672439,8.17413934342947,3.814134504609021,3.814134504609021
1,14583.0,0.0,185.0,14583.0,78.82702702702703,78.82702702702703,1,1,0,0,1,1,0,0,1,0,0,0,9.5876803163585,0.0,5.225746673713202,9.5876803163585,4.379862131664309,4.379862131664309
2,5417.0,4196.0,267.0,9613.0,36.00374531835206,20.288389513108616,1,1,0,1,1,0,0,1,0,1,0,1,8.59748202264504,8.34212526333359,5.5909869805108565,9.170975648453906,3.611019132341664,3.0581618308167418
0,4860.0,830.0,125.0,5690.0,45.52,38.88,1,1,0,0,1,0,1,0,0,1,0,1,8.488999457045455,6.7226297948554485,4.836281906951478,8.646641258603124,3.839882327650464,3.6858749450936377
1,5285.0,1430.0,161.0,6715.0,41.70807453416149,32.82608695652174,1,1,1,0,0,0,1,0,0,1,0,1,8.572817095164234,7.266128779556451,5.087596335232384,8.812248018197431,3.7543880015182767,3.521232308249242
0,14999.0,0.0,242.0,14999.0,61.97933884297521,61.97933884297521,1,0,0,0,0,0,1,0,0,1,0,0,9.615805480084347,0.0,5.493061443340548,9.615805480084347,4.142806717729163,4.142806717729163
0,5818.0,2160.0,184.0,7978.0,43.358695652173914,31.619565217391305,1,1,0,1,1,0,1,0,0,1,0,1,8.66888370465667,7.6783263565068856,5.220355825078324,8.984568369308281,3.792308758356765,3.484912268391327
2,6700.0,1750.0,230.0,8450.0,36.73913043478261,29.130434782608695,1,1,0,0,1,0,1,0,0,0,1,1,8.81001204797317,7.467942332285852,5.442417710521793,9.042040056544483,3.6306974987312004,3.4055357832607536
0,4583.0,0.0,84.0,4583.0,54.55952380952381,54.55952380952381,0,1,0,0,1,1,0,0,0,1,0,0,8.430327258394575,0.0,4.442651256490317,8.430327258394575,4.017454947106502,4.017454947106502
0,3775.0,0.0,110.0,3775.0,34.31818181818182,34.31818181818182,1,1,0,0,1,0,1,0,0,1,0,0,8.236420527265391,0.0,4.709530201312334,8.236420527265391,3.5643978970093317,3.5643978970093317
0,2917.0,536.0,66.0,3453.0,52.31818181818182,44.196969696969695,1,1,1,0,1,1,0,0,0,1,0,1,7.978653729082731,6.285998094508865,4.204692619390966,8.147288258706624,3.9762773952951598,3.8110300424883228
0,2400.0,3800.0,128.0,6200.0,48.4375,18.75,1,1,1,0,1,0,0,1,1,0,0,1,7.783640596221253,8.24301946898925,4.859812404361672,8.732465848349879,3.9007092455278727,2.9831534913471307
0,3727.0,1775.0,131.0,5502.0,42.0,28.450381679389313,1,1,0,0,1,0,1,0,0,1,0,1,8.223627175805483,7.4821189235521155,4.882801922586371,8.613048677059759,3.7612001156935624,3.382706870264523
0,5821.0,0.0,144.0,5821.0,40.423611111111114,40.423611111111114,1,1,0,0,1,0,0,1,0,1,0,0,8.669399124305569,0.0,4.976733742420574,8.669399124305569,3.723851034956016,3.723851034956016
0,4166.0,0.0,98.0,4166.0,42.51020408163265,42.51020408163265,1,0,0,0,0,0,1,0,0,1,0,0,8.334951631422454,0.0,4.59511985013459,8.334951631422454,3.7729954871751086,3.7729954871751086
2,3717.0,0.0,120.0,3717.0,30.975,30.975,1,1,0,0,1,0,1,0,0,1,0,0,8.220941168281389,0.0,4.795790545596741,8.220941168281389,3.4649543474649063,3.4649543474649063
0,4547.0,0.0,115.0,4547.0,39.53913043478261,39.53913043478261,0,0,0,0,1,0,1,0,0,1,0,0,8.422442854870427,0.0,4.7535901911063645,8.422442854870427,3.702267691232452,3.702267691232452
2,5000.0,0.0,72.0,5000.0,69.44444444444444,69.44444444444444,1,1,0,0,0,0,1,0,0,1,0,0,8.517393171418904,0.0,4.290459441148391,8.517393171418904,4.254824377101007,4.254824377101007
1,3541.0,0.0,112.0,3541.0,31.616071428571427,31.616071428571427,0,0,0,0,1,0,1,0,0,1,0,0,8.17244681834278,0.0,4.727387818712341,8.17244681834278,3.484805155500188,3.484805155500188
0,6783.0,0.0,130.0,6783.0,52.176923076923075,52.176923076923075,1,0,1,0,1,0,1,0,0,1,0,0,8.822322177471738,0.0,4.875197323201151,8.822322177471738,3.9736245254896825,3.9736245254896825
0,2600.0,1911.0,116.0,4511.0,38.88793103448276,22.413793103448278,1,1,1,0,0,0,1,0,0,1,0,1,7.8636512654486515,7.555905093611346,4.762173934797756,8.414495793177895,3.686073797800635,3.153325297572222
0,2132.0,1591.0,96.0,3723.0,38.78125,22.208333333333332,1,1,0,0,1,0,1,0,0,1,0,1,7.665284718471351,7.3727463664043285,4.574710978503383,8.222553638396958,3.68339569575768,3.1445114095793385
0,1809.0,1868.0,90.0,3677.0,40.855555555555554,20.1,1,1,0,0,1,0,0,1,0,1,0,1,7.501082124259871,7.533158807455563,4.51085950651685,8.210124405164267,3.734224537361776,3.0492730404820207
1,2750.0,1842.0,115.0,4592.0,39.93043478260869,23.91304347826087,1,1,0,0,1,0,1,0,0,1,0,1,7.919719760924575,7.519149957669823,4.7535901911063645,8.432288684325794,3.711873913037892,3.2153915007855898
0,3716.0,0.0,42.0,3716.0,88.47619047619048,88.47619047619048,1,1,0,0,1,1,0,0,1,0,0,0,8.220672170297252,0.0,3.7612001156935624,8.220672170297252,4.493972561690042,4.493972561690042
1,5649.0,0.0,44.0,5649.0,128.38636363636363,128.38636363636363,1,1,0,0,1,0,0,1,0,1,0,0,8.639410824140487,0.0,3.8066624897703196,8.639410824140487,4.862802995032821,4.862802995032821
2,1378.0,1881.0,167.0,3259.0,19.51497005988024,8.251497005988025,0,1,0,0,1,0,0,1,0,1,0,1,7.229113877793302,7.540090320145325,5.123963979403259,8.089482474360754,3.157705520695467,2.2293482016333734
3,7740.0,0.0,128.0,7740.0,60.46875,60.46875,1,1,0,0,1,0,0,1,1,0,0,0,8.954286157204713,0.0,4.859812404361672,8.954286157204713,4.118528915589333,4.118528915589333
0,2213.0,0.0,66.0,2213.0,33.53030303030303,33.53030303030303,0,0,1,0,1,1,0,0,0,1,0,0,7.7025561132685825,0.0,4.204692619390966,7.705802869367452,3.5418372872192587,3.5418372872192587
0,5800.0,0.0,132.0,5800.0,43.93939393939394,43.93939393939394,1,0,1,1,1,0,1,0,0,1,0,0,8.665785595466064,0.0,4.890349128221754,8.665785595466064,3.805314780671452,3.805314780671452
2,17500.0,0.0,400.0,17500.0,43.75,43.75,1,1,0,1,1,1,0,0,0,1,0,0,9.770013301136158,0.0,5.993961427306569,9.770013301136158,3.8010914447208646,3.8010914447208646
0,2378.0,0.0,46.0,2378.0,51.69565217391305,51.69565217391305,0,0,0,0,1,1,0,0,0,1,0,0,7.774435510302958,0.0,3.8501476017100584,7.774435510302958,3.96453295070011,3.96453295070011
2,5391.0,0.0,130.0,5391.0,41.46923076923077,41.46923076923077,1,1,0,0,1,0,0,1,0,1,0,0,8.592671652592143,0.0,4.875197323201151,8.592671652592143,3.748779831828462,3.748779831828462
0,3497.0,1964.0,116.0,5461.0,47.077586206896555,30.146551724137932,1,1,0,0,1,1,0,0,0,1,0,1,8.159946655578548,7.583247524303362,4.762173934797756,8.60557030203365,3.872816085283189,3.4387035400412755
0,2275.0,2067.0,128.0,4342.0,33.921875,17.7734375,1,1,0,0,1,0,0,1,0,1,0,1,7.730174795246222,7.63433723562832,4.859812404361672,8.376320632534823,3.5531134236879973,2.932442971816852
0,2609.0,3449.0,165.0,6058.0,36.71515151515152,15.812121212121212,1,1,1,1,0,1,0,0,1,0,0,1,7.867105500316739,8.146129510025405,5.111987788356544,8.70930004894499,3.6300619106686374,2.8221001269741963
0,3667.0,1459.0,144.0,5126.0,35.59722222222222,25.46527777777778,0,1,0,0,1,0,1,0,0,1,0,1,8.207401833376355,7.286191714702382,4.976733742420574,8.5422759717837,3.599972341959407,3.2758336012978595
3,4755.0,0.0,95.0,4755.0,50.05263157894737,50.05263157894737,1,1,1,0,0,0,1,0,0,1,0,0,8.467162257810672,0.0,4.564348191467836,8.467162257810672,3.932857092330988,3.932857092330988
0,1820.0,1769.0,95.0,3589.0,37.77894736842105,19.157894736842106,1,1,1,0,1,1,0,0,0,1,0,1,7.507141079727608,7.478734825567875,4.564348191467836,8.185907481482324,3.6578775057746564,3.0035960100142054
0,7142.0,0.0,138.0,7142.0,51.7536231884058,51.7536231884058,0,1,1,1,1,1,0,0,0,1,0,0,8.873888135154973,0.0,4.9344739331306915,8.873888135154973,3.9656324560335268,3.9656324560335268
2,6000.0,0.0,205.0,6000.0,29.26829268292683,29.26829268292683,1,1,0,1,1,0,1,0,0,0,1,0,8.699681400989514,0.0,5.327876168789581,8.699681400989514,3.4101007185002996,3.4101007185002996
0,6080.0,2569.0,182.0,8649.0,47.52197802197802,33.40659340659341,1,1,0,0,1,1,0,0,0,1,0,1,8.71292443512011,7.851661177889265,5.209486152841421,9.065314599925925,3.8820168503920067,3.5382482148095558
0,3159.0,0.0,100.0,3159.0,31.59,31.59,0,0,0,0,1,0,1,0,0,1,0,0,8.058327306580958,0.0,4.61512051684126,8.058327306580958,3.4840054928494704,3.4840054928494704
0,2917.0,0.0,84.0,2917.0,34.726190476190474,34.726190476190474,0,0,0,0,1,0,1,0,0,1,0,0,7.978653729082731,0.0,4.442651256490317,7.978653729082731,3.5758840465970536,3.5758840465970536
0,4735.0,0.0,138.0,4735.0,34.31159420289855,34.31159420289855,1,1,1,1,1,0,0,1,0,1,0,0,8.462948176563842,0.0,4.9344739331306915,8.462948176563842,3.5642113576863013,3.5642113576863013
2,9703.0,0.0,112.0,9703.0,86.63392857142857,86.63392857142857,1,1,0,0,1,0,0,1,0,1,0,0,9.180293450623886,0.0,4.727387818712341,9.180293450623886,4.473168235415467,4.473168235415467
0,5829.0,0.0,138.0,5829.0,42.23913043478261,42.23913043478261,1,1,0,0,1,1,0,0,0,1,0,0,8.670772279344538,0.0,4.9344739331306915,8.670772279344538,3.7667458823648774,3.7667458823648774
1,6875.0,0.0,200.0,6875.0,34.375,34.375,1,1,0,0,1,0,1,0,0,1,0,0,8.83579236650274,0.0,5.303304908059076,8.83579236650274,3.5660053559634015,3.5660053559634015
0,4000.0,2500.0,140.0,6500.0,46.42857142857143,28.571428571428573,1,0,0,0,1,1,0,0,0,1,0,1,8.294299608857235,7.824445930877619,4.948759890378168,8.77971129020447,3.859224819861175,3.386808644210056
0,20233.0,0.0,480.0,20233.0,42.15208333333333,42.15208333333333,1,0,0,0,1,1,0,0,0,1,0,0,9.915119636765835,0.0,6.175867270105761,9.915119636765835,3.764730697553586,3.764730697553586
0,3833.0,0.0,110.0,3833.0,34.845454545454544,34.845454545454544,1,0,1,0,1,1,0,0,0,1,0,0,8.251663923605589,0.0,4.709530201312334,8.251663923605589,3.5792167680852107,3.5792167680852107
2,3276.0,484.0,135.0,3760.0,27.85185185185185,24.266666666666666,1,1,0,0,1,0,1,0,0,1,0,1,8.094683648698815,6.184148890937483,4.912654885736052,8.232440158470336,3.362174179866419,3.2294860039802162
0,3600.0,0.0,80.0,3600.0,45.0,45.0,1,0,0,0,1,0,0,1,0,1,0,0,8.188966863648876,0.0,4.394449154672439,8.188966863648876,3.828641396489095,3.828641396489095
0,16692.0,0.0,110.0,16692.0,151.74545454545455,151.74545454545455,1,1,0,0,1,0,1,0,0,1,0,0,9.722744748855389,0.0,4.709530201312334,9.722744748855389,5.028772840132376,5.028772840132376
3,3083.0,0.0,255.0,3083.0,12.090196078431372,12.090196078431372,0,0,0,0,1,1,0,0,0,1,0,0,8.03398273468322,0.0,5.545177444479562,8.03398273468322,3.157705520695467,2.5718635590633543
2,6540.0,0.0,205.0,6540.0,31.902439024390244,31.902439024390244,1,1,0,0,1,0,1,0,0,1,0,0,8.785845337961213,0.0,5.327876168789581,8.785845337961213,3.493546789503448,3.493546789503448
0,1977.0,997.0,50.0,2974.0,59.48,39.54,1,1,0,0,1,0,1,0,0,1,0,1,7.589841512182657,6.905753276311464,3.9318256327243257,7.99799931797973,4.102312731871278,3.702289141023854
1,8072.0,240.0,253.0,8312.0,32.85375494071146,31.90513833992095,1,1,0,0,1,0,0,1,0,1,0,1,8.996280439395015,5.484796933490655,5.537334267018537,9.025575833531088,3.5220499220307,3.4936288261211246
0,4300.0,0.0,136.0,4300.0,31.61764705882353,31.61764705882353,0,0,0,0,0,0,1,0,0,1,0,0,8.366602832783736,0.0,4.919980925828125,8.366602832783736,3.484853462734206,3.484853462734206
0,1668.0,3890.0,201.0,5558.0,27.65174129353234,8.298507462686567,1,1,1,0,0,0,1,0,0,1,0,1,7.419979923661835,8.266421472984554,5.308267697401205,8.62317351495347,3.3552142194475967,2.229853899396487
1,6065.0,2004.0,250.0,8069.0,32.276,24.26,1,1,0,0,1,0,1,0,0,1,0,1,8.710454688248527,7.60339933974067,5.5254529391317835,8.995908761263994,3.5048364164216412,3.229222116922345
0,1800.0,1213.0,47.0,3013.0,64.1063829787234,38.297872340425535,1,0,0,0,1,0,0,1,0,1,0,1,7.496097345175956,7.101675971619444,3.871201010907891,8.01102337918644,4.176022593236368,3.6711703784891814
0,10416.0,0.0,187.0,10416.0,55.70053475935829,55.70053475935829,1,0,0,1,0,0,0,1,0,1,0,0,9.251194365984448,0.0,5.236441962829949,9.251194365984448,4.037783642071211,4.037783642071211
0,14583.0,0.0,436.0,14583.0,33.44724770642202,33.44724770642202,1,1,0,0,1,0,1,0,0,1,0,0,9.5876803163585,0.0,6.07993319509559,9.5876803163585,3.5394291018565465,3.5394291018565465
1,5250.0,688.0,160.0,5938.0,37.1125,32.8125,1,1,0,0,1,1,0,0,0,1,0,1,8.566173813637858,6.535241271013659,5.081404364984463,8.68929604801586,3.640542312314373,3.5208305566067004
0,5923.0,2054.0,211.0,7977.0,37.80568720379147,28.071090047393366,1,1,0,0,1,1,0,0,0,1,0,1,8.68676717538769,7.628031126930335,5.356586274672012,8.984443032465352,3.658566813305114,3.3697442111981304
0,7200.0,0.0,120.0,7200.0,60.0,60.0,0,0,0,0,1,1,0,0,0,1,0,0,8.881975184248867,0.0,4.795790545596741,8.881975184248867,4.110873864173311,4.110873864173311
1,4554.0,1229.0,158.0,5783.0,36.60126582278481,28.82278481012658,1,1,1,0,1,0,0,1,0,1,0,1,8.423980809694058,7.114769448366463,5.0689042022202315,8.6628507638386,3.6270377153287745,3.395272692304456
3,81000.0,0.0,360.0,81000.0,225.0,225.0,1,1,0,0,0,1,0,0,0,1,0,0,10.44098334443507,0.0,5.8888779583328805,10.543972080512768,5.400280839715297,5.354291501873354
0,4350.0,0.0,154.0,4350.0,28.246753246753247,28.246753246753247,0,0,1,0,1,1,0,0,0,1,0,0,8.37816098272068,0.0,5.043425116919247,8.37816098272068,3.3757685674058973,3.3757685674058973
0,3237.0,0.0,30.0,3237.0,107.9,107.9,0,0,0,0,1,0,0,1,0,1,0,0,8.08271113423758,0.0,3.56953269648137,8.08271113423758,4.690430029938915,4.690430029938915
1,3466.0,1210.0,130.0,4676.0,35.96923076923077,26.661538461538463,1,1,0,1,1,1,0,0,0,1,0,1,8.151044945685024,7.099201743553092,4.875197323201151,8.450412157725886,3.610085965840832,3.3200429451359286
0,3902.0,1666.0,109.0,5568.0,51.08256880733945,35.79816513761468,1,0,1,0,1,1,0,0,0,1,0,1,8.269500767180615,7.418780882750794,4.700480365792417,8.624970783589669,3.9528303209415827,3.6054479835409095
1,2787.0,1917.0,146.0,4704.0,32.21917808219178,19.089041095890412,1,1,0,0,0,1,0,0,0,1,0,1,7.933079771880415,7.559038255443384,4.990432586778736,8.45638105201948,3.5031273622231924,3.0001744472691145
2,6383.0,1000.0,187.0,7383.0,39.481283422459896,34.13368983957219,1,1,1,1,1,1,0,0,0,1,0,1,8.761550139129644,6.90875477931522,5.236441962829949,8.907070776182689,3.700839729576908,3.5591604946240696
0,3166.0,0.0,36.0,3166.0,87.94444444444444,87.94444444444444,0,1,0,0,1,0,1,0,0,1,0,0,8.06054004653864,0.0,3.6109179126442243,8.06054004653864,4.48801195510055,4.48801195510055
0,6050.0,4333.0,120.0,10383.0,86.525,50.416666666666664,1,0,0,1,1,0,0,1,1,0,0,1,8.707978826622321,8.374246182096304,4.795790545596741,9.248021438943871,4.471924466840729,3.9399623741173873
1,2600.0,2500.0,90.0,5100.0,56.666666666666664,28.88888888888889,1,1,1,0,1,0,1,0,0,1,0,1,7.8636512654486515,7.824445930877619,4.51085950651685,8.537191877922927,4.054679305829669,3.39748680226562
1,7250.0,1667.0,110.0,8917.0,81.06363636363636,65.9090909090909,1,1,0,0,0,0,0,1,0,1,0,1,8.888894669371593,7.419380582918692,4.709530201312334,9.095826985187422,4.407494999505738,4.203334845930506
0,4095.0,3447.0,151.0,7542.0,49.94701986754967,27.119205298013245,1,0,0,0,1,1,0,0,0,1,0,1,8.317766166719343,8.145549631783584,5.0238805208462765,8.928375259853631,3.9307862666440103,3.336452805448277
0,63337.0,0.0,490.0,63337.0,129.25918367346938,129.25918367346938,1,1,0,0,1,0,0,1,1,0,0,0,10.44098334443507,0.0,6.19644412779452,10.543972080512768,4.86952618619757,4.86952618619757
0,2400.0,0.0,75.0,2400.0,32.0,32.0,1,1,0,0,1,0,0,1,0,1,0,0,7.783640596221253,0.0,4.330733340286331,7.783640596221253,3.4965075614664802,3.4965075614664802
0,2083.0,3150.0,128.0,5233.0,40.8828125,16.2734375,1,1,0,0,1,0,1,0,0,1,0,1,7.642044402873258,8.055475141757274,4.859812404361672,8.562931083090092,3.7348755399079208,2.849169916937829
0,5316.0,0.0,136.0,5316.0,39.088235294117645,39.088235294117645,1,0,0,0,1,0,0,1,0,1,0,0,8.57866451350434,0.0,4.919980925828125,8.57866451350434,3.691082907080371,3.691082907080371
1,2395.0,0.0,128.0,2395.0,18.7109375,18.7109375,1,1,0,1,1,0,1,0,0,1,0,0,7.78155595923534,0.0,4.859812404361672,7.78155595923534,3.157705520695467,2.9811736847214405
2,3675.0,242.0,108.0,3917.0,36.26851851851852,34.02777777777778,1,1,1,0,1,0,1,0,0,1,0,1,8.209580483475577,5.493061443340548,4.6913478822291435,8.273336598504486,3.618148962728444,3.5561413975088096
1,13262.0,0.0,40.0,13262.0,331.55,331.55,0,0,0,0,1,0,0,1,0,1,0,0,9.492733482494353,0.0,3.713572066704308,9.492733482494353,5.400280839715297,5.354291501873354
0,4166.0,0.0,44.0,4166.0,94.68181818181819,94.68181818181819,0,0,0,0,1,0,1,0,0,1,0,0,8.334951631422454,0.0,3.8066624897703196,8.334951631422454,4.561028292758166,4.561028292758166
0,2667.0,1625.0,84.0,4292.0,51.095238095238095,31.75,0,0,0,0,1,0,0,1,0,1,0,1,7.889084407035514,7.3938782901077555,4.442651256490317,8.36474106822456,3.9530735452585035,3.488902962081261
0,6000.0,0.0,156.0,6000.0,38.46153846153846,38.46153846153846,0,0,0,0,1,0,0,1,0,1,0,0,8.699681400989514,0.0,5.056245805348308,8.699681400989514,3.6753264877092326,3.6753264877092326
0,2929.0,2333.0,139.0,5262.0,37.856115107913666,21.071942446043167,0,1,0,0,1,0,1,0,0,1,0,1,7.982757702011113,7.755338812846501,4.941642422609304,8.56845648535378,3.659865467462199,3.0943072293564553
0,1025.0,5500.0,216.0,6525.0,30.208333333333332,4.74537037037037,1,1,0,0,1,1,0,0,0,1,0,1,7.148817330798692,8.612685172875459,5.37989735354046,8.783549477153265,3.440685153169274,2.2293482016333734
0,2500.0,0.0,55.0,2500.0,45.45454545454545,45.45454545454545,1,0,0,0,1,0,1,0,0,1,0,0,7.824445930877619,0.0,4.02535169073515,7.824445930877619,3.8384743174053337,3.8384743174053337
0,2366.0,2531.0,136.0,4897.0,36.00735294117647,17.397058823529413,1,0,0,0,1,0,1,0,0,1,0,1,7.769378609513984,7.836764783264067,4.919980925828125,8.496582237512113,3.611116621040308,2.9121908052908045
3,39999.0,0.0,600.0,39999.0,66.665,66.665,1,1,0,0,0,0,1,0,1,0,0,0,10.44098334443507,0.0,6.212606095751522,10.543972080512768,4.214569059528469,4.214569059528469
0,2894.0,2792.0,155.0,5686.0,36.68387096774194,18.670967741935485,1,1,1,0,1,1,0,0,0,1,0,1,7.970740390007095,7.934871565945177,5.049856007249537,8.645938147306799,3.6292321771210627,2.9791438300690083
0,3232.0,1950.0,108.0,5182.0,47.98148148148148,29.925925925925927,1,1,0,0,1,1,0,0,0,1,0,1,8.081165777725433,7.576097340623111,4.6913478822291435,8.553139318189707,3.8914422977281253,3.4315948588465264
0,6822.0,0.0,141.0,6822.0,48.38297872340426,48.38297872340426,1,0,0,1,1,1,0,0,0,1,0,0,8.828054536815424,0.0,4.955827057601261,8.828054536815424,3.8996058045643784,3.8996058045643784
2,4354.0,0.0,136.0,4354.0,32.01470588235294,32.01470588235294,1,0,0,0,1,1,0,0,0,1,0,0,8.379079889286603,0.0,4.919980925828125,8.379079889286603,3.496953095000248,3.496953095000248
0,2083.0,4083.0,160.0,6166.0,38.5375,13.01875,1,1,0,1,1,0,1,0,0,1,0,1,7.642044402873258,8.314832179284556,5.081404364984463,8.726967774991493,3.677249588631767,2.6403957192863814
1,3867.0,0.0,62.0,3867.0,62.37096774193548,62.37096774193548,0,0,1,1,1,0,1,0,0,1,0,0,8.260492856573185,0.0,4.143134726391533,8.260492856573185,4.1490058345133685,4.1490058345133685
0,9083.0,0.0,228.0,9083.0,39.83771929824562,39.83771929824562,1,1,0,0,1,0,1,0,0,1,0,0,9.114269903225448,0.0,5.43372200355424,9.114269903225448,3.7096061469340893,3.7096061469340893
0,2965.0,5701.0,155.0,8666.0,55.909677419354836,19.129032258064516,1,0,0,0,1,0,0,1,0,0,1,1,7.994969522697877,8.648572269472618,5.049856007249537,9.067277989134345,4.041465404339521,3.0021631638842816
2,2708.0,1167.0,97.0,3875.0,39.94845360824742,27.917525773195877,1,1,0,0,1,0,1,0,0,1,0,1,7.904334842085095,7.0630481633881725,4.584967478670572,8.262558973010657,3.7123140466616804,3.364447839453414
1,7451.0,0.0,128.0,7451.0,58.2109375,58.2109375,0,0,0,1,1,0,1,0,0,1,0,0,8.916237731721479,0.0,4.859812404361672,8.916237731721479,4.081106279892412,4.081106279892412
2,16666.0,0.0,275.0,16666.0,60.60363636363636,60.60363636363636,1,1,0,0,1,0,0,1,0,1,0,0,9.721185995542177,0.0,5.62040086571715,9.721185995542177,4.1207209006743755,4.1207209006743755
0,4310.0,0.0,130.0,4310.0,33.15384615384615,33.15384615384615,1,1,0,0,1,0,1,0,0,1,0,0,8.368925174747135,0.0,4.875197323201151,8.368925174747135,3.530875204970688,3.530875204970688
0,6045.0,0.0,115.0,6045.0,52.56521739130435,52.56521739130435,1,0,1,0,0,1,0,0,0,1,0,0,8.707152175339404,0.0,4.7535901911063645,8.707152175339404,3.9808999281643156,3.9808999281643156
0,5124.0,0.0,124.0,5124.0,41.32258064516129,41.32258064516129,1,0,0,0,0,1,0,0,0,1,0,0,8.54188580400661,0.0,4.8283137373023015,8.54188580400661,3.745320765018888,3.745320765018888
0,1853.0,2840.0,114.0,4693.0,41.166666666666664,16.25438596491228,1,0,0,0,1,1,0,0,0,1,0,1,7.5251007461258,7.951911381854188,4.74493212836325,8.454040376410969,3.7416300194994654,2.8480663699945636
0,9166.0,0.0,244.0,9166.0,37.5655737704918,37.5655737704918,1,0,0,0,1,0,0,1,0,1,0,0,9.123365357961776,0.0,5.501258210544727,9.123365357961776,3.6523600072862235,3.6523600072862235
0,4680.0,2087.0,128.0,6767.0,52.8671875,36.5625,1,0,0,0,1,0,1,0,0,1,0,1,8.45126704130007,7.643961949002529,4.859812404361672,8.81996090128606,3.986521526307785,3.6260062122954264
0,2645.0,3440.0,120.0,6085.0,50.708333333333336,22.041666666666668,0,1,0,0,0,0,0,1,0,1,0,1,7.880804344674901,8.14351740579748,4.795790545596741,8.713746330456916,3.945618954856662,3.137304171174389
1,5955.0,5625.0,315.0,11580.0,36.76190476190476,18.904761904761905,1,1,0,0,1,0,0,1,0,1,0,1,8.6921543938039,8.635153989049803,5.755742213586912,9.357121103184378,3.631300783911425,2.9909589948013333
1,16667.0,2250.0,86.0,18917.0,219.96511627906978,193.80232558139534,1,1,0,1,1,0,1,0,0,1,0,1,9.721245992542345,7.719129840906732,4.465908118654584,9.847869128773116,5.39800484416785,5.2719853294400245
3,416.0,41667.0,350.0,42083.0,120.23714285714286,1.1885714285714286,0,0,0,0,1,0,0,1,1,0,0,1,7.148817330798692,9.011206273122328,5.860786223465865,10.543972080512768,4.79774848590353,2.2293482016333734
0,3017.0,663.0,102.0,3680.0,36.07843137254902,29.57843137254902,0,1,1,0,1,0,1,0,0,1,0,1,8.012349639327795,6.498282149476434,4.634728988229636,8.210939733379021,3.613035435934132,3.420294903323532
0,6950.0,0.0,175.0,6950.0,39.714285714285715,39.714285714285715,1,0,0,1,1,0,1,0,1,0,0,0,8.846640813100485,0.0,5.170483995038151,8.846640813100485,3.7065790312133373,3.7065790312133373
0,8334.0,0.0,160.0,8334.0,52.0875,52.0875,1,1,0,0,1,0,1,0,0,1,0,0,9.028218795184895,0.0,5.081404364984463,9.028218795184895,3.9719414956393897,3.9719414956393897
0,2297.0,1522.0,104.0,3819.0,36.72115384615385,22.08653846153846,1,1,0,0,1,0,0,1,0,1,0,1,7.739794458408701,7.328437352895162,4.653960350157523,8.24800570160062,3.6302210470681797,3.1392496970798804
2,5042.0,2083.0,185.0,7125.0,38.513513513513516,27.254054054054055,1,1,0,0,1,1,0,0,0,1,0,1,8.525756422076725,7.642044402873258,5.225746673713202,8.871505346165781,3.6766427276654996,3.341236953634597
0,2454.0,2333.0,181.0,4787.0,26.447513812154696,13.558011049723756,1,1,1,0,0,0,0,1,0,1,0,1,7.805882040228621,7.755338812846501,5.204006687076795,8.473868066677865,3.312275592347489,2.678141429709637
2,3588.0,0.0,110.0,3588.0,32.61818181818182,32.61818181818182,1,0,0,0,0,1,0,0,0,1,0,0,8.185628891147607,0.0,4.709530201312334,8.185628891147607,3.515067046154654,3.515067046154654
2,4616.0,0.0,134.0,4616.0,34.44776119402985,34.44776119402985,1,1,0,0,1,0,0,1,0,1,0,0,8.43750042250699,0.0,4.90527477843843,8.43750042250699,3.5680600970777756,3.5680600970777756
0,4750.0,0.0,94.0,4750.0,50.53191489361702,50.53191489361702,1,0,0,0,1,0,1,0,0,1,0,0,8.46611040118692,0.0,4.553876891600541,8.46611040118692,3.942201322402979,3.942201322402979
3,4707.0,1993.0,148.0,6700.0,45.270270270270274,31.804054054054053,1,0,1,0,1,0,1,0,0,1,0,1,8.457018468380168,7.597897950521784,5.003946305945459,8.81001204797317,3.834499644057463,3.49055210696131
0,3167.0,0.0,74.0,3167.0,42.7972972972973,42.7972972972973,1,0,0,0,1,0,0,1,0,1,0,0,8.060855752934316,0.0,4.31748811353631,8.060855752934316,3.779572109937378,3.779572109937378
0,2400.0,1863.0,104.0,4263.0,40.99038461538461,23.076923076923077,0,0,0,0,0,0,0,1,0,1,0,1,7.783640596221253,7.530479995245536,4.653960350157523,8.357962965845681,3.737440654344188,3.1812538330786166
0,3015.0,2188.0,153.0,5203.0,34.00653594771242,19.705882352941178,1,1,0,0,1,1,0,0,0,1,0,1,8.011686729127847,7.691200097522863,5.0369526024136295,8.557182839632397,3.5555347854186277,3.030417831541881
0,3748.0,1668.0,110.0,5416.0,49.236363636363635,34.07272727272727,1,0,1,0,1,0,1,0,0,1,0,1,8.229244416735913,7.419979923661835,4.709530201312334,8.597297435657898,3.9167391396909457,3.557423827673258
0,4301.0,0.0,118.0,4301.0,36.44915254237288,36.44915254237288,1,1,0,0,1,0,0,1,0,1,0,0,8.366835309827675,0.0,4.77912349311153,8.366835309827675,3.6229840806650753,3.6229840806650753
0,6033.0,0.0,160.0,6033.0,37.70625,37.70625,1,1,1,0,1,0,0,1,0,1,0,0,8.705165419719007,0.0,5.081404364984463,8.705165419719007,3.6560010857042338,3.6560010857042338
0,3500.0,0.0,81.0,3500.0,43.20987654320987,43.20987654320987,1,0,0,0,1,0,1,0,0,0,1,0,8.160803920954665,0.0,4.406719247264253,8.160803920954665,3.788948215325994,3.788948215325994
0,3400.0,0.0,95.0,3400.0,35.78947368421053,35.78947368421053,0,0,1,0,1,1,0,0,0,1,0,0,8.131824785007195,0.0,4.564348191467836,8.131824785007195,3.60521176306737,3.60521176306737
1,2882.0,1843.0,123.0,4725.0,38.41463414634146,23.43089430894309,1,1,0,0,1,0,1,0,0,0,1,1,7.9665866976384025,7.519692404116539,4.820281565605037,8.460834457746854,3.674137172376733,3.1958484915968906
0,7901.0,1833.0,180.0,9734.0,54.077777777777776,43.894444444444446,1,1,0,0,1,1,0,0,0,1,0,1,8.974871170971337,7.51425465281641,5.198497031265826,9.1834829178063,4.008746327690309,3.8043140553432373
3,7100.0,0.0,125.0,7100.0,56.8,56.8,1,1,1,1,1,0,0,1,0,0,1,0,8.867990898182093,0.0,4.836281906951478,8.867990898182093,4.056988775678332,4.056988775678332
0,2383.0,3334.0,172.0,5717.0,33.23837209302326,13.854651162790697,1,1,0,0,1,0,1,0,0,1,0,1,7.776535028185241,8.112227958349724,5.153291594497779,8.651374372882257,3.533347006131118,2.6983130258243517
2,3200.0,700.0,70.0,3900.0,55.714285714285715,45.714285714285715,1,1,0,0,1,0,0,1,0,1,0,1,8.071218539969863,6.55250788703459,4.2626798770413155,8.268988209506656,4.038026131631877,3.84405002184194
0,4408.0,0.0,120.0,4408.0,36.733333333333334,36.733333333333334,0,0,1,0,1,0,1,0,0,1,0,0,8.391403185357937,0.0,4.795790545596741,8.391403185357937,3.630543877100973,3.630543877100973
0,3244.0,0.0,80.0,3244.0,40.55,40.55,0,0,0,0,1,0,0,1,0,1,0,0,8.08487062913819,0.0,4.394449154672439,8.08487062913819,3.7268975213014572,3.7268975213014572
0,3406.0,4417.0,123.0,7823.0,63.60162601626016,27.691056910569106,1,1,1,0,1,0,1,0,0,1,0,1,8.133587417660966,8.393442383980062,4.820281565605037,8.964951211714654,4.168239581002126,3.3565854683028524
0,7578.0,1010.0,175.0,8588.0,49.074285714285715,43.30285714285714,1,1,0,0,1,0,1,0,0,1,0,1,8.93313654381203,6.918695219020472,5.170483995038151,9.058237593766226,3.9135076171323364,3.791049170295445
0,4625.0,2857.0,111.0,7482.0,67.4054054054054,41.666666666666664,1,1,0,0,1,0,0,1,0,0,1,1,8.439447842791385,7.957877358489813,4.718498871295094,8.920389060080359,4.225451847900899,3.7534179752515073
3,4931.0,0.0,128.0,4931.0,38.5234375,38.5234375,1,1,1,0,1,0,1,0,0,1,0,0,8.503499864284235,0.0,4.859812404361672,8.503499864284235,3.676893850372319,3.676893850372319
0,5166.0,0.0,128.0,5166.0,40.359375,40.359375,1,0,0,1,1,0,1,0,0,1,0,0,8.550047528287184,0.0,4.859812404361672,8.550047528287184,3.7222991188674293,3.7222991188674293
0,1800.0,2934.0,93.0,4734.0,50.903225806451616,19.35483870967742,1,1,1,0,0,0,0,1,0,1,0,1,7.496097345175956,7.984462732262196,4.543294782270004,8.462737005620179,3.949380942507237,3.013318658056067
0,2600.0,3500.0,115.0,6100.0,53.04347826086956,22.608695652173914,1,1,0,0,1,0,0,1,0,1,0,1,7.8636512654486515,8.160803920954665,4.7535901911063645,8.716207971151853,3.9897888755815614,3.161615104004786
0,11000.0,0.0,83.0,11000.0,132.53012048192772,132.53012048192772,1,0,0,1,1,0,0,1,0,1,0,0,9.305741456739435,0.0,4.430816798843313,9.305741456739435,4.894327073979055,4.894327073979055
0,4750.0,2333.0,130.0,7083.0,54.48461538461538,36.53846153846154,1,1,0,0,1,0,0,1,0,1,0,1,8.46611040118692,7.755338812846501,4.875197323201151,8.865593998902725,4.01610578204809,3.6253660483916104
3,3992.0,0.0,128.0,3992.0,31.1875,31.1875,1,1,1,0,1,0,0,1,1,0,0,0,8.292298107063221,0.0,4.859812404361672,8.292298107063221,3.4715781784239548,3.4715781784239548
1,2492.0,2375.0,128.0,4867.0,38.0234375,19.46875,1,1,1,0,1,1,0,0,0,1,0,1,7.821242083523558,7.773173680482536,4.859812404361672,8.490438454107418,3.6641624271630366,3.0188993328355256
1,5468.0,1032.0,26.0,6500.0,250.0,210.30769230769232,1,1,0,0,1,0,1,0,0,1,0,1,8.606851063346772,6.940222469119639,3.56953269648137,8.77971129020447,5.400280839715297,5.353315328633737
0,3510.0,0.0,76.0,3510.0,46.18421052631579,46.18421052631579,0,0,0,0,0,0,0,1,0,1,0,0,8.163656176168432,0.0,4.343805421853684,8.163656176168432,3.854059313878747,3.854059313878747
3,2947.0,1664.0,70.0,4611.0,65.87142857142857,42.1,1,1,1,0,0,0,0,1,1,0,0,1,7.988882253309227,7.417580402414544,4.2626798770413155,8.436416881388949,4.202771799250711,3.763522997109702
0,2507.0,0.0,56.0,2507.0,44.767857142857146,44.767857142857146,0,0,0,0,1,1,0,0,0,1,0,0,7.827240901752812,0.0,4.04305126783455,7.827240901752812,3.823582035628922,3.823582035628922
0,2014.0,1929.0,74.0,3943.0,53.28378378378378,27.216216216216218,1,0,0,0,1,0,0,1,0,1,0,1,7.608374474380783,7.5652752818989315,4.31748811353631,8.279950715722526,3.9942255411551124,3.3398968557983597
2,7583.0,0.0,187.0,7583.0,40.55080213903744,40.55080213903744,1,1,0,0,1,0,0,1,0,1,0,0,8.933796043934858,0.0,5.236441962829949,8.933796043934858,3.7269168265071064,3.7269168265071064
2,3601.0,1590.0,128.0,5191.0,40.5546875,28.1328125,1,1,1,0,1,1,0,0,0,1,0,1,8.189244525735901,7.372118028337787,4.859812404361672,8.554874258383926,3.7270103308227003,3.3718651162592037
0,3103.0,1300.0,80.0,4403.0,55.0375,38.7875,1,1,0,0,1,0,0,1,0,1,0,1,8.04044688130311,7.170888478512505,4.394449154672439,8.390268497842571,4.026021109481558,3.6835527926082112
1,3417.0,1750.0,186.0,5167.0,27.77956989247312,18.370967741935484,1,1,0,0,1,0,0,1,0,1,0,1,8.136810863675537,7.467942332285852,5.231108616854587,8.550241045462437,3.35966575668018,2.963775437034892
0,3597.0,2157.0,119.0,5754.0,48.35294117647059,30.22689075630252,1,1,0,0,0,1,0,0,0,1,0,1,8.188133414510478,7.67693714581808,4.787491742782046,8.657824321155983,3.89899736241099,3.4412796068222
0,5849.0,0.0,128.0,5849.0,45.6953125,45.6953125,1,0,0,0,1,0,0,1,0,1,0,0,8.674196940225903,0.0,4.859812404361672,8.674196940225903,3.843643784904637,3.843643784904637
0,3708.0,2569.0,173.0,6277.0,36.283236994219656,21.433526011560694,1,1,0,0,1,0,0,1,0,1,0,1,8.21851757748959,7.851661177889265,5.159055299214529,8.744806737401898,3.6185438152920395,3.1105565368711274
0,10000.0,0.0,214.0,10000.0,46.728971962616825,46.728971962616825,0,0,0,0,1,0,1,0,0,1,0,0,9.210440366976517,0.0,5.3706380281276624,9.210440366976517,3.8655385921857377,3.8655385921857377
0,3086.0,0.0,120.0,3086.0,25.716666666666665,25.716666666666665,0,0,0,0,1,0,1,0,0,1,0,0,8.034955024502159,0.0,4.795790545596741,8.034955024502159,3.285287590387452,3.285287590387452
3,9504.0,0.0,275.0,9504.0,34.56,34.56,1,1,0,0,1,1,0,0,0,1,0,0,9.15957325492253,0.0,5.62040086571715,9.15957325492253,3.571221410645704,3.571221410645704
0,3410.0,0.0,88.0,3410.0,38.75,38.75,0,0,0,0,1,0,0,1,0,1,0,0,8.134760782418645,0.0,4.48863636973214,8.134760782418645,3.6826098411003407,3.6826098411003407
0,5746.0,0.0,255.0,5746.0,22.533333333333335,22.533333333333335,1,1,0,0,1,0,0,1,0,1,0,0,8.656433258507741,0.0,5.545177444479562,8.656433258507741,3.158417855831087,3.158417855831087
0,1828.0,1330.0,100.0,3158.0,31.58,18.28,1,1,0,0,0,0,0,1,0,1,0,1,7.511524648390866,7.193685818395112,4.61512051684126,8.058010800802085,3.4836986031738992,2.9590682891823996
0,14683.0,2100.0,304.0,16783.0,55.20723684210526,48.29934210526316,1,1,0,0,1,1,0,0,0,1,0,1,9.594513744616725,7.650168700845001,5.720311776607412,9.728181330636078,4.029045518042052,3.8979107362387744
0,4600.0,0.0,73.0,4600.0,63.013698630136986,63.013698630136986,1,1,0,0,1,0,1,0,1,0,0,0,8.434028950155469,0.0,4.30406509320417,8.434028950155469,4.159097101552035,4.159097101552035
2,1299.0,1086.0,17.0,2385.0,140.2941176470588,76.41176470588235,1,1,0,0,1,0,0,1,0,0,1,1,7.170119543449628,6.99117688712121,3.56953269648137,7.777373602657861,4.950843658583713,4.3491387678290465
2,2031.0,1632.0,113.0,3663.0,32.415929203539825,17.97345132743363,0,1,0,0,1,0,1,0,0,0,1,1,7.616775808698373,7.398174092970465,4.736198448394496,8.20631072579402,3.509032708553051,2.943040703478352
3,51763.0,0.0,700.0,51763.0,73.94714285714285,73.94714285714285,1,1,0,0,1,0,0,1,0,0,1,0,10.44098334443507,0.0,6.212606095751522,10.543972080512768,4.316783103170133,4.316783103170133
1,4945.0,0.0,128.0,4945.0,38.6328125,38.6328125,1,1,0,0,0,1,0,0,0,1,0,0,8.506334448081361,0.0,4.859812404361672,8.506334448081361,3.679657373647073,3.679657373647073
0,2720.0,0.0,80.0,2720.0,34.0,34.0,0,0,1,0,0,0,0,1,0,1,0,0,7.908754738783246,0.0,4.394449154672439,7.908754738783246,3.5553480614894135,3.5553480614894135
1,3750.0,0.0,116.0,3750.0,32.327586206896555,32.327586206896555,1,1,0,0,1,0,1,0,0,1,0,0,8.229777750081887,0.0,4.762173934797756,8.229777750081887,3.506385468661912,3.506385468661912
2,5819.0,5000.0,120.0,10819.0,90.15833333333333,48.49166666666667,1,1,0,0,1,1,0,0,0,1,0,1,8.669055540725484,8.517393171418904,4.795790545596741,9.289151552400472,4.512597921337745,3.901804305233814
1,10750.0,0.0,312.0,10750.0,34.455128205128204,34.455128205128204,1,1,0,0,1,0,0,1,0,1,0,0,9.282754052485227,0.0,5.746203190540153,9.282754052485227,3.568267902745141,3.568267902745141
1,3596.0,0.0,100.0,3596.0,35.96,35.96,1,0,1,0,1,0,0,1,0,0,1,0,8.187855443695623,0.0,4.61512051684126,8.187855443695623,3.6098362467734835,3.6098362467734835
1,1958.0,2436.0,131.0,4394.0,33.541984732824424,14.946564885496183,1,1,1,0,1,1,0,0,0,1,0,1,7.580189417944541,7.798523053625206,4.882801922586371,8.388222810119277,3.542175532932875,2.769243438355414
0,10833.0,0.0,234.0,10833.0,46.294871794871796,46.294871794871796,1,1,0,0,1,0,1,0,0,1,0,0,9.290444616217844,0.0,5.459585514144159,9.290444616217844,3.8564018709070838,3.8564018709070838
0,5708.0,5625.0,187.0,11333.0,60.60427807486631,30.524064171122994,1,1,0,0,1,0,1,0,0,1,0,1,8.64979915596426,8.635153989049803,5.236441962829949,9.335562336729565,4.120731317395296,3.450751196116885
2,8000.0,0.0,200.0,8000.0,40.0,40.0,1,1,0,0,1,0,1,0,0,1,0,0,8.987321812850125,0.0,5.303304908059076,8.987321812850125,3.713572066704308,3.713572066704308
0,2221.0,0.0,60.0,2221.0,37.016666666666666,37.016666666666666,1,1,0,0,0,0,0,1,0,1,0,0,7.706162970199576,0.0,4.110873864173311,7.706162970199576,3.638024660062287,3.638024660062287
0,5488.0,0.0,125.0,5488.0,43.904,43.904,1,1,0,0,1,1,0,0,0,1,0,0,8.610501368549889,0.0,4.836281906951478,8.610501368549889,3.804526877639898,3.804526877639898
0,20166.0,0.0,650.0,20166.0,31.024615384615384,31.024615384615384,1,0,0,1,1,0,0,1,0,0,1,0,9.911802884139842,0.0,6.212606095751522,9.911802884139842,3.4665048378626038,3.4665048378626038
2,11417.0,1126.0,225.0,12543.0,55.74666666666667,50.742222222222225,1,1,0,0,1,0,0,1,0,1,0,1,9.342946336524205,7.027314514039777,5.420534999272286,9.436997742590188,4.03859691748517,3.946274125627261
0,2577.0,3750.0,152.0,6327.0,41.625,16.95394736842105,1,1,0,1,1,1,0,0,0,1,0,1,7.8547691834991324,8.229777750081887,5.030437921392435,8.75273950944749,3.7524409356036807,2.887809999862062
0,5500.0,0.0,105.0,5500.0,52.38095238095238,52.38095238095238,0,1,0,1,0,1,0,0,0,1,0,0,8.612685172875459,0.0,4.663439094112067,8.612685172875459,3.977453985348737,3.977453985348737
0,4950.0,0.0,125.0,4950.0,39.6,39.6,1,0,0,0,1,0,0,1,0,1,0,0,8.507344855361422,0.0,4.836281906951478,8.507344855361422,3.703768066607687,3.703768066607687
0,2764.0,1459.0,110.0,4223.0,38.39090909090909,25.12727272727273,0,0,0,0,1,0,0,1,0,1,0,1,7.9247959139564355,7.286191714702382,4.709530201312334,8.348537825386098,3.673535055947493,3.262979700846554
0,4887.0,0.0,133.0,4887.0,36.744360902255636,36.744360902255636,1,1,1,0,1,1,0,0,0,1,0,0,8.494538500851432,0.0,4.897839799950911,8.494538500851432,3.630836084464021,3.630836084464021
0,19730.0,5266.0,570.0,24996.0,43.85263157894737,34.6140350877193,1,1,0,0,1,1,0,0,0,1,0,1,9.889946281969461,8.569216219483389,6.212606095751522,10.126511096649761,3.803382261899371,3.572739804201283
2,14866.0,0.0,70.0,14866.0,212.37142857142857,212.37142857142857,0,1,0,0,1,0,0,1,0,1,0,0,9.60689927061335,0.0,4.2626798770413155,9.60689927061335,5.363034443172199,5.354291501873354
1,4384.0,1793.0,117.0,6177.0,52.794871794871796,37.47008547008547,1,0,0,0,1,0,0,1,0,1,0,1,8.385944904806284,7.492203042618741,4.770684624465665,8.728749873478527,3.985178142826596,3.6498809384951767
3,3522.0,0.0,81.0,3522.0,43.48148148148148,43.48148148148148,1,1,1,0,1,1,0,0,1,0,0,0,8.167068178341237,0.0,4.406719247264253,8.167068178341237,3.7950729560756544,3.7950729560756544
0,2333.0,2417.0,136.0,4750.0,34.9264705882353,17.154411764705884,1,1,0,0,1,0,0,1,0,1,0,1,7.755338812846501,7.790696031174738,4.919980925828125,8.46611040118692,3.581474366081634,2.8989136036091274
0,2378.0,0.0,9.0,2378.0,264.22222222222223,264.22222222222223,0,0,0,0,1,0,0,1,0,1,0,0,7.774435510302958,0.0,3.56953269648137,7.774435510302958,5.400280839715297,5.354291501873354
0,2000.0,0.0,128.0,2000.0,15.625,15.625,1,0,1,0,1,0,0,1,0,1,0,0,7.601402334583733,0.0,4.859812404361672,7.705802869367452,3.157705520695467,2.810907586541918
0,3572.0,4114.0,152.0,7686.0,50.56578947368421,23.5,1,1,1,0,0,1,0,0,0,1,0,1,8.181160858023409,8.32239411311117,5.030437921392435,8.947285869349132,3.9428584579133004,3.1986731175506815
0,2666.0,4300.0,121.0,6966.0,57.570247933884296,22.03305785123967,1,1,0,0,1,1,0,0,0,1,0,1,7.888709524182015,8.366602832783736,4.804021044733257,8.848939995030118,4.070226853213515,3.1369304818852073
0,12876.0,0.0,405.0,12876.0,31.79259259259259,31.79259259259259,1,0,0,0,1,0,1,0,0,1,0,0,9.463198053273784,0.0,6.0063531596017325,9.463198053273784,3.4902026542937117,3.4902026542937117
0,4683.0,1915.0,185.0,6598.0,35.66486486486487,25.313513513513513,1,0,0,0,1,0,1,0,0,1,0,1,8.451907724717607,7.557994958530806,5.225746673713202,8.794673401383422,3.6018189358677546,3.2700826290290927
0,5417.0,0.0,168.0,5417.0,32.24404761904762,32.24404761904762,1,0,0,0,1,0,0,1,0,1,0,0,8.59748202264504,0.0,5.1298987149230735,8.59748202264504,3.503875732100042,3.503875732100042
2,7667.0,0.0,185.0,7667.0,41.443243243243245,41.443243243243245,1,1,1,0,1,1,0,0,0,1,0,0,8.944811104165534,0.0,5.225746673713202,8.944811104165534,3.748167730318027,3.748167730318027
0,6096.0,0.0,218.0,6096.0,27.96330275229358,27.96330275229358,1,1,1,0,0,1,0,0,0,1,0,0,8.715552125907816,0.0,5.389071729816501,8.715552125907816,3.366029606328848,3.366029606328848
0,1907.0,2365.0,120.0,4272.0,35.6,15.891666666666667,0,0,1,0,1,0,0,1,0,1,0,1,7.553810852008231,7.768956044538332,4.795790545596741,8.360071435644025,3.6000482404073204,2.826820403669954
0,2526.0,1783.0,145.0,4309.0,29.717241379310344,17.420689655172414,1,0,0,0,1,1,0,0,0,1,0,1,7.834788107388194,7.486613313139955,4.983606621708336,8.368693183097793,3.4248241053967385,2.9134744706893865
0,9328.0,0.0,188.0,9328.0,49.61702127659574,49.61702127659574,1,1,0,0,1,1,0,0,1,0,0,0,9.140883106960962,0.0,5.241747015059643,9.140883106960962,3.924287908592899,3.924287908592899
1,7787.0,0.0,240.0,7787.0,32.44583333333333,32.44583333333333,1,1,0,1,1,0,0,1,0,1,0,0,8.960339366492091,0.0,5.484796933490655,8.960339366492091,3.5099272147895855,3.5099272147895855
0,3033.0,1459.0,95.0,4492.0,47.28421052631579,31.926315789473684,1,1,0,0,1,0,0,1,0,1,0,1,8.017637159908478,7.286191714702382,4.564348191467836,8.41027590907016,3.877104602996631,3.494272210064661
0,2253.0,2033.0,110.0,4286.0,38.96363636363636,20.48181818181818,1,1,1,0,1,1,0,0,0,1,0,1,7.720461694599722,7.617759576608505,4.709530201312334,8.363342466597977,3.687969949731096,3.0672069113944915
0,2483.0,2466.0,90.0,4949.0,54.98888888888889,27.58888888888889,1,1,0,0,0,1,0,0,1,0,0,1,7.81762544305337,7.810758116529357,4.51085950651685,8.507142855562735,4.025153258350333,3.353018141951479
1,6000.0,0.0,160.0,6000.0,37.5,37.5,1,1,0,0,1,1,0,0,0,1,0,0,8.699681400989514,0.0,5.081404364984463,8.699681400989514,3.6506582412937387,3.6506582412937387
0,6283.0,4416.0,209.0,10699.0,51.19138755980861,30.0622009569378,1,0,0,0,0,1,0,0,0,1,0,1,8.745761999375512,8.393216011596527,5.3471075307174685,9.277999020449997,3.9549174920006682,3.435991676669671
0,3993.0,3274.0,207.0,7267.0,35.106280193236714,19.28985507246377,1,1,0,0,1,0,1,0,0,1,0,1,8.29254851397576,8.094073148069352,5.337538079701318,8.891236429516061,3.58646681678006,3.0101210110060905
0,1442.0,0.0,35.0,1442.0,41.2,41.2,1,0,1,0,1,0,0,1,0,1,0,0,7.274479558773871,0.0,3.58351893845611,7.705802869367452,3.742420221041966,3.742420221041966
0,4188.0,0.0,115.0,4188.0,36.417391304347824,36.417391304347824,1,1,1,0,1,0,1,0,1,0,0,0,8.340217320947035,0.0,4.7535901911063645,8.340217320947035,3.6221356044753494,3.6221356044753494
1,3652.0,0.0,95.0,3652.0,38.44210526315789,38.44210526315789,0,0,0,0,1,0,1,0,0,1,0,0,8.203304026795282,0.0,4.564348191467836,8.203304026795282,3.6748339071931464,3.6748339071931464
1,2679.0,1302.0,94.0,3981.0,42.351063829787236,28.5,1,0,1,0,1,0,1,0,0,1,0,1,7.893572073504902,7.172424577124845,4.553876891600541,8.289539484624141,3.769331243404959,3.3843902633457743
0,5815.0,3666.0,311.0,9481.0,30.485530546623796,18.69774919614148,1,0,0,0,1,1,0,0,0,1,0,1,8.668368019213355,8.207129168071326,5.7430031878094825,9.157150543462064,3.4495280925728733,2.9805043752134863
1,3326.0,913.0,105.0,4239.0,40.371428571428574,31.676190476190477,0,1,0,0,1,0,1,0,0,0,1,1,8.109826276018477,6.81783057145415,4.663439094112067,8.352318548226004,3.722590511456248,3.4866466927009263
1,2178.0,0.0,66.0,2178.0,33.0,33.0,1,1,0,1,0,1,0,0,0,0,1,0,7.68662133494462,0.0,4.204692619390966,7.705802869367452,3.5263605246161616,3.5263605246161616
1,9833.0,1833.0,182.0,11666.0,64.0989010989011,54.027472527472526,1,1,0,1,1,0,0,1,1,0,0,1,9.193601047971885,7.51425465281641,5.209486152841421,9.364519622823858,4.175907668870839,4.007832561023124
1,19484.0,0.0,600.0,19484.0,32.473333333333336,32.473333333333336,0,1,0,1,1,0,1,0,0,1,0,0,9.87740021777281,0.0,6.212606095751522,9.87740021777281,3.51074910193845,3.51074910193845
0,2550.0,2042.0,126.0,4592.0,36.44444444444444,20.238095238095237,1,0,1,0,1,1,0,0,0,1,0,1,7.844240718141811,7.622174594817622,4.844187086458591,8.432288684325794,3.6228583530161425,3.0557965142966412
2,3073.0,8106.0,200.0,11179.0,55.895,15.365,1,1,0,0,1,0,0,1,0,1,0,1,8.03073492409854,9.000483164987708,5.303304908059076,9.32188174670909,4.041207463808972,2.795144907953144
2,1958.0,1456.0,60.0,3414.0,56.9,32.63333333333333,1,1,1,0,1,0,0,1,0,0,1,1,7.580189417944541,7.284134806195205,4.110873864173311,8.13593277200489,4.05871738457895,3.5155176386914535
2,2500.0,4600.0,176.0,7100.0,40.34090909090909,14.204545454545455,1,1,0,1,1,1,0,0,0,1,0,1,7.824445930877619,8.434028950155469,5.176149732573829,8.867990898182093,3.7218525445998614,2.7215944262099674
0,2718.0,0.0,70.0,2718.0,38.82857142857143,38.82857142857143,1,0,0,0,1,0,1,0,0,1,0,0,7.908019444632471,0.0,4.2626798770413155,7.908019444632471,3.6845845298310556,3.6845845298310556
2,1600.0,20000.0,239.0,21600.0,90.3765690376569,6.694560669456067,1,1,0,1,1,0,0,1,0,1,0,1,7.3783837129967145,9.011206273122328,5.480638923341991,9.980494888896912,4.514989089333262,2.2293482016333734
2,1993.0,1625.0,113.0,3618.0,32.017699115044245,17.63716814159292,1,1,1,0,1,0,1,0,1,0,0,1,7.597897950521784,7.3938782901077555,4.736198448394496,8.193953023563742,3.4970437545088173,2.92515787398158
2,2309.0,1255.0,125.0,3564.0,28.512,18.472,1,1,1,0,0,1,0,0,0,1,0,1,7.745002803515839,7.135687347028144,4.836281906951478,8.178919332848396,3.3847969602943744,2.9689775362451716
2,3283.0,2035.0,148.0,5318.0,35.932432432432435,22.18243243243243,1,1,0,0,1,0,0,1,0,1,0,1,8.096817470572319,7.618742377670413,5.003946305945459,8.579040594742317,3.6090900927238985,3.1433947690943347
0,6782.0,0.0,128.0,6782.0,52.984375,52.984375,1,0,0,0,1,0,0,1,0,1,0,0,8.82217476094608,0.0,4.859812404361672,8.82217476094608,3.9886946528420983,3.9886946528420983
1,1782.0,2232.0,107.0,4014.0,37.51401869158879,16.654205607476637,1,1,0,0,1,1,0,0,0,1,0,1,7.48605261786314,7.711101251840158,4.68213122712422,8.297792626380861,3.6510222968769113,2.8709740330396034
2,8333.0,0.0,246.0,8333.0,33.8739837398374,33.8739837398374,1,1,0,0,1,0,1,0,0,1,0,0,9.0280988119824,0.0,5.5093883366279774,9.0280988119824,3.5517410996406023,3.5517410996406023
0,2833.0,0.0,71.0,2833.0,39.901408450704224,39.901408450704224,1,0,0,0,1,0,0,1,0,1,0,0,7.949444420250626,0.0,4.276666119016055,7.949444420250626,3.711164498903371,3.711164498903371
0,10047.0,0.0,128.0,10047.0,78.4921875,78.4921875,0,1,0,0,1,0,1,0,0,0,1,0,9.21512888870798,0.0,4.859812404361672,9.21512888870798,4.375658746391179,4.375658746391179
0,3927.0,800.0,112.0,4727.0,42.205357142857146,35.0625,1,1,0,0,1,0,1,0,0,1,0,1,8.275885669474356,6.68586094706836,4.727387818712341,8.461257559085935,3.765964495498224,3.585253544268318
2,3750.0,2083.0,120.0,5833.0,48.608333333333334,31.25,0,0,0,0,1,0,1,0,0,1,0,1,8.229777750081887,7.642044402873258,4.795790545596741,8.671458150427666,3.904158830371344,3.4735180432417816
1,12841.0,10968.0,349.0,23809.0,68.22063037249283,36.79369627507163,1,1,0,0,1,0,1,0,0,1,0,1,9.460476328353995,9.011206273122328,5.857933154483459,10.077860939480908,4.237298944962797,3.632142323508933
0,3208.0,3066.0,172.0,6274.0,36.47674418604651,18.651162790697676,1,1,0,0,1,0,0,1,0,1,0,1,8.073714641109857,8.028455164114252,5.153291594497779,8.744328763999984,3.62372058556193,2.9781365116636116
0,1926.0,1851.0,50.0,3777.0,75.54,38.52,1,0,0,0,1,0,1,0,0,1,0,1,7.563719668414366,7.524021415206125,3.9318256327243257,8.236950048061455,4.337813479997556,3.6768068728796672
2,3427.0,0.0,138.0,3427.0,24.833333333333332,24.833333333333332,0,0,0,0,1,0,0,1,0,1,0,0,8.13973227971767,0.0,4.9344739331306915,8.13973227971767,3.2516656476911914,3.2516656476911914
0,20833.0,6667.0,480.0,27500.0,57.291666666666664,43.40208333333333,1,1,0,0,1,0,0,1,0,1,0,1,9.944341546544393,8.805075243870684,6.175867270105761,10.221977646629885,4.065459144317535,3.793286390259302
2,3316.0,3500.0,88.0,6816.0,77.45454545454545,37.68181818181818,1,1,0,1,1,0,0,1,0,1,0,1,8.106816038947052,8.160803920954665,4.48863636973214,8.827174771362785,4.362519418285057,3.6553696752150584
0,3010.0,3136.0,128.0,6146.0,48.015625,23.515625,1,1,1,0,0,0,0,1,0,1,0,1,8.010027528481734,8.051022208190679,4.859812404361672,8.72371943690701,3.892139124831006,3.199310669373361
0,3246.0,1417.0,138.0,4663.0,33.789855072463766,23.52173913043478,1,1,0,0,1,0,1,0,0,1,0,1,8.085486772102845,7.257002707092073,4.9344739331306915,8.447628728030327,3.5493258233737355,3.199560035568909
2,2873.0,1872.0,132.0,4745.0,35.946969696969695,21.765151515151516,1,1,0,0,0,0,1,0,0,1,0,1,7.96346006663897,7.5352967024440884,4.890349128221754,8.465057436995709,3.609483633123682,3.125230924382937
2,4006.0,1526.0,168.0,5532.0,32.92857142857143,23.845238095238095,1,1,0,0,1,0,0,1,0,1,0,1,8.295798110636145,7.3310603052186325,5.1298987149230735,8.618485442898109,3.524257474419383,3.212666108233887
0,3948.0,1733.0,149.0,5681.0,38.12751677852349,26.496644295302012,1,1,0,0,0,1,0,0,0,1,0,1,8.28121766128665,7.458186157340487,5.0106352940962555,8.645058562414134,3.666825973399079,3.3140639716014118
0,2583.0,2358.0,120.0,4941.0,41.175,21.525,1,1,1,0,1,0,0,1,0,1,0,1,7.857093864902493,7.765993079407675,4.795790545596741,8.505525386548555,3.741827628432032,3.1146258034944014
0,2479.0,0.0,59.0,2479.0,42.016949152542374,42.016949152542374,1,0,0,0,1,0,0,1,0,1,0,0,7.8160138391590275,0.0,4.0943445622221,7.8160138391590275,3.7615942043686137,3.7615942043686137
2,4923.0,0.0,166.0,4923.0,29.656626506024097,29.656626506024097,1,0,0,0,0,0,1,0,0,1,0,0,8.501876487304344,0.0,5.117993812416755,8.501876487304344,3.4228488382322895,3.4228488382322895
0,1811.0,1666.0,54.0,3477.0,64.38888888888889,33.53703703703704,0,0,0,0,1,0,0,1,0,1,0,1,7.502186486602924,7.418780882750794,4.007333185232471,8.154212694914229,4.180352349364112,3.5420322855136415
2,4865.0,5624.0,208.0,10489.0,50.42788461538461,23.389423076923077,1,1,0,0,1,0,1,0,0,1,0,1,8.490027523343468,8.63497622707262,5.342334251964811,9.258177701390343,3.940180527604813,3.194149557865372
1,3399.0,1640.0,111.0,5039.0,45.3963963963964,30.62162162162162,1,1,1,0,1,0,0,1,1,0,0,1,8.131530710604252,7.403061091090091,4.718498871295094,8.525161361065415,3.837221792345448,3.4538411151475774
0,3167.0,2283.0,154.0,5450.0,35.38961038961039,20.564935064935064,0,1,0,0,1,0,1,0,0,1,0,1,8.060855752934316,7.7336835707759,5.043425116919247,8.603554357064281,3.5942833050432683,3.0710686189631176
3,5266.0,1774.0,187.0,7040.0,37.64705882352941,28.16042780748663,1,1,0,1,1,0,1,0,0,1,0,1,8.569216219483389,7.4815557019095165,5.236441962829949,8.859505484519133,3.6544706744283944,3.372812578071475
1,2661.0,7101.0,279.0,9762.0,34.98924731182796,9.53763440860215,1,1,1,0,1,0,1,0,1,0,0,1,7.8868329989550565,8.868131713503033,5.634789603169249,9.186355009225672,3.5832202080580706,2.3549530785113615
0,3180.0,0.0,71.0,3180.0,44.7887323943662,44.7887323943662,0,0,0,0,0,0,0,1,0,1,0,0,8.064950891749143,0.0,4.276666119016055,8.064950891749143,3.82403804326259,3.82403804326259
0,3087.0,2210.0,136.0,5297.0,38.9485294117647,22.698529411764707,1,1,0,0,0,0,1,0,0,1,0,1,8.035278911144667,7.701200180857446,4.919980925828125,8.575084669832014,3.687591860815471,3.165412996079386
0,2755.0,0.0,65.0,2755.0,42.38461538461539,42.38461538461539,1,0,1,0,1,1,0,0,0,0,1,0,7.9215356321335495,0.0,4.189654742026425,7.9215356321335495,3.770104894036522,3.770104894036522
0,2333.0,1516.0,95.0,3849.0,40.51578947368421,24.557894736842105,1,1,1,0,1,0,0,1,0,1,0,1,7.755338812846501,7.324489979348532,4.564348191467836,8.25582842728183,3.7260738241219853,3.240946260578848
2,3859.0,0.0,96.0,3859.0,40.197916666666664,40.197916666666664,1,1,0,0,1,0,1,0,0,1,0,0,8.258422462458876,0.0,4.574710978503383,8.258422462458876,3.718387688733918,3.718387688733918
0,4000.0,2275.0,144.0,6275.0,43.576388888888886,27.77777777777778,0,0,0,0,1,0,1,0,0,1,0,1,8.294299608857235,7.730174795246222,4.976733742420574,8.744488113852924,3.7972043217357774,3.3596034843633182
0,3676.0,4301.0,172.0,7977.0,46.377906976744185,21.372093023255815,1,0,0,0,1,1,0,0,0,1,0,1,8.209852481301272,8.366835309827675,5.153291594497779,8.984443032465352,3.858156022506767,3.107814334972144
0,16250.0,0.0,192.0,16250.0,84.63541666666667,84.63541666666667,1,0,0,1,0,0,0,1,0,1,0,0,9.69590972432601,0.0,5.262690188904886,9.69590972432601,4.4500989436842975,4.4500989436842975
0,4895.0,0.0,102.0,4895.0,47.990196078431374,47.990196078431374,1,0,0,0,1,0,1,0,0,1,0,0,8.496173824192162,0.0,4.634728988229636,8.496173824192162,3.891620198059934,3.891620198059934
2,3100.0,1400.0,113.0,4500.0,39.823008849557525,27.43362831858407,1,1,0,0,1,0,0,1,0,1,0,1,8.03947991910045,7.244941546337007,4.736198448394496,8.412054873292933,3.70924586484548,3.347572540403518
2,210.0,2917.0,98.0,3127.0,31.908163265306122,2.142857142857143,0,1,1,0,1,0,1,0,0,1,0,1,7.148817330798692,7.978653729082731,4.59511985013459,8.048149101665201,3.493720750559301,2.2293482016333734
0,1759.0,3541.0,131.0,5300.0,40.458015267175576,13.427480916030534,1,1,0,0,1,0,1,0,0,1,0,1,7.473069088032197,8.17244681834278,4.882801922586371,8.575650760987806,3.7246812348336937,2.6691347848525364
0,7085.0,0.0,84.0,7085.0,84.3452380952381,84.3452380952381,1,0,0,1,1,0,1,0,0,1,0,0,8.865876285425417,0.0,4.442651256490317,8.865876285425417,4.446704655009559,4.446704655009559
0,1820.0,1719.0,100.0,3539.0,35.39,18.2,1,1,0,0,1,0,0,1,0,1,0,1,7.507141079727608,7.450079569807499,4.61512051684126,8.17188200612782,3.5942940116240685,2.954910279033736
3,4281.0,0.0,100.0,4281.0,42.81,42.81,1,1,0,0,1,0,0,1,0,1,0,0,8.362175469149628,0.0,4.61512051684126,8.362175469149628,3.779862101825807,3.779862101825807
3,3333.0,2166.0,130.0,5499.0,42.3,25.638461538461538,1,1,1,1,1,0,1,0,0,1,0,1,8.111928063310739,7.681099001536359,4.875197323201151,8.612503371220562,3.768152635008444,3.2823560939468397
1,3481.0,0.0,155.0,3481.0,22.45806451612903,22.45806451612903,0,0,0,0,1,0,1,0,0,0,1,0,8.155362120328135,0.0,5.049856007249537,8.155362120328135,3.157705520695467,3.155214338378123
3,5167.0,3167.0,200.0,8334.0,41.67,25.835,1,1,0,0,1,0,1,0,0,1,0,1,8.550241045462437,8.060855752934316,5.303304908059076,9.028218795184895,3.7534960971999087,3.289707005628792
2,16525.0,1014.0,150.0,17539.0,116.92666666666666,110.16666666666667,1,1,0,1,1,1,0,0,0,1,0,1,9.71269017726113,6.922643891475888,5.017279836814924,9.772239265926174,4.770062962347252,4.711030576687569
0,3358.0,0.0,80.0,3358.0,41.975,41.975,1,0,1,0,1,0,1,0,0,0,1,0,8.119398589612294,0.0,4.394449154672439,8.119398589612294,3.760618551268913,3.760618551268913
0,3859.0,3300.0,142.0,7159.0,50.41549295774648,27.176056338028168,1,1,0,0,1,1,0,0,1,0,0,1,8.258422462458876,8.101980731853192,4.962844630259907,8.87626525995469,3.9399395464548252,3.338472551255974
0,5000.0,2541.0,151.0,7541.0,49.94039735099338,33.11258278145695,0,0,0,0,1,1,0,0,0,0,1,1,8.517393171418904,7.8407064517494,5.0238805208462765,8.928242677818302,3.930656269893746,3.5296663127506607
1,2769.0,1542.0,190.0,4311.0,22.689473684210526,14.573684210526316,1,0,1,1,1,0,1,0,0,1,0,1,7.926602599181384,7.341483852363161,5.25227342804663,8.369157112588834,3.1650308011324464,2.7455825802397236
0,2600.0,1717.0,99.0,4317.0,43.60606060606061,26.262626262626263,0,0,0,1,1,0,1,0,0,0,1,1,7.8636512654486515,7.4489161025442,4.605170185988092,8.370547611074752,3.7978697378223414,3.3055167628834146
1,3812.0,0.0,112.0,3812.0,34.035714285714285,34.035714285714285,0,0,0,0,1,1,0,0,0,1,0,0,8.246171559857563,0.0,4.727387818712341,8.246171559857563,3.556367949390159,3.556367949390159
0,2167.0,2400.0,115.0,4567.0,39.71304347826087,18.843478260869563,1,1,1,0,1,0,0,1,0,1,0,1,7.681560362559537,7.783640596221253,4.7535901911063645,8.426830751335846,3.706548519687606,2.987875402058771
3,3466.0,3428.0,150.0,6894.0,45.96,23.106666666666666,1,1,0,0,1,1,0,0,0,1,0,1,8.151044945685024,8.14002395246292,5.017279836814924,8.838551790227402,3.849296175519841,3.1824884274158114
0,6000.0,0.0,141.0,6000.0,42.5531914893617,42.5531914893617,1,0,0,0,1,0,0,1,0,1,0,0,8.699681400989514,0.0,4.955827057601261,8.699681400989514,3.773982983951231,3.773982983951231
0,3750.0,0.0,113.0,3750.0,33.1858407079646,33.1858407079646,1,0,0,0,1,0,0,1,0,0,1,0,8.229777750081887,0.0,4.736198448394496,8.229777750081887,3.531811543953941,3.531811543953941
1,5191.0,0.0,132.0,5191.0,39.32575757575758,39.32575757575758,0,0,1,0,1,0,1,0,0,1,0,0,8.554874258383926,0.0,4.890349128221754,8.554874258383926,3.6969904105863867,3.6969904105863867
0,3069.0,0.0,71.0,3069.0,43.225352112676056,43.225352112676056,1,0,0,0,1,0,0,1,0,0,1,0,8.029432840581244,0.0,4.276666119016055,8.029432840581244,3.7892982018609835,3.7892982018609835
3,2647.0,1587.0,173.0,4234.0,24.473988439306357,15.300578034682081,1,1,1,0,1,1,0,0,0,1,0,1,7.881559917056899,7.370230641807081,5.159055299214529,8.351138607086154,3.237657870344208,2.7912005694343804
0,3500.0,1667.0,114.0,5167.0,45.324561403508774,30.70175438596491,1,1,0,0,1,0,1,0,0,1,0,1,8.160803920954665,7.419380582918692,4.74493212836325,8.550241045462437,3.8356723043124377,3.4563720227576784
0,7660.0,0.0,104.0,7660.0,73.65384615384616,73.65384615384616,1,1,1,0,0,0,0,1,0,1,0,0,8.94389780251682,0.0,4.653960350157523,8.94389780251682,4.312862045147528,4.312862045147528
1,2239.0,2524.0,128.0,4763.0,37.2109375,17.4921875,1,1,1,0,1,0,0,1,0,1,0,1,7.7142311448490855,7.83399634170946,4.859812404361672,8.46884293047519,3.6431217966197402,2.917348345594367
3,2666.0,2083.0,95.0,4749.0,49.98947368421052,28.063157894736843,1,1,0,0,1,1,0,0,0,1,0,1,7.888709524182015,7.642044402873258,4.564348191467836,8.465899897028686,3.931619213072442,3.369471320329614
0,4344.0,736.0,87.0,5080.0,58.39080459770115,49.93103448275862,1,1,1,1,1,0,1,0,0,1,0,1,8.376781037699493,6.602587892189336,4.477336814478207,8.533263371593732,4.084139409632601,3.930472452544906
2,4566.0,0.0,100.0,4566.0,45.66,45.66,1,1,0,0,1,0,0,1,0,1,0,0,8.426611813185,0.0,4.61512051684126,8.426611813185,3.842887266593284,3.842887266593284
0,3166.0,2985.0,132.0,6151.0,46.59848484848485,23.984848484848484,0,0,0,0,1,1,0,0,0,1,0,1,8.06054004653864,8.001689978099135,4.890349128221754,8.72453251118548,3.862800929816576,3.2182695805331734
0,4583.0,0.0,112.0,4583.0,40.919642857142854,40.919642857142854,0,1,0,0,1,1,0,0,0,1,0,0,8.430327258394575,0.0,4.727387818712341,8.430327258394575,3.735754520347269,3.735754520347269
0,5695.0,4167.0,175.0,9862.0,56.354285714285716,32.542857142857144,1,1,0,0,1,0,1,0,0,1,0,1,8.647519453091812,8.335191583433202,5.170483995038151,9.196545660953994,4.049247569890286,3.512823938898628
0,2060.0,2209.0,134.0,4269.0,31.85820895522388,15.373134328358208,1,0,0,0,1,0,1,0,0,1,0,1,7.630946580890459,7.700747794511798,4.90527477843843,8.35936910622267,3.4922016058048424,2.7956418408842643
0,5116.0,1451.0,165.0,6567.0,39.8,31.006060606060608,1,1,0,0,0,0,0,1,0,1,0,1,8.540323608805092,7.280697195384741,5.111987788356544,8.789964651132264,3.708682081410116,3.4659252788063526
0,6400.0,0.0,200.0,6400.0,32.0,32.0,1,0,0,1,1,1,0,0,0,1,0,0,8.764209507142004,0.0,5.303304908059076,8.764209507142004,3.4965075614664802,3.4965075614664802
3,3430.0,1250.0,128.0,4680.0,36.5625,26.796875,1,1,0,0,0,0,1,0,0,1,0,1,8.14060704285845,7.1316985104669115,4.859812404361672,8.45126704130007,3.6260062122954264,3.3249236043061634
1,10513.0,3850.0,160.0,14363.0,89.76875,65.70625,1,1,0,1,0,0,0,1,1,0,0,1,9.260462981379394,8.25608813381491,5.081404364984463,9.572480355345974,4.508315063373977,4.200298651680138
0,4333.0,2451.0,110.0,6784.0,61.67272727272727,39.39090909090909,1,1,0,0,1,0,0,1,0,1,0,1,8.374246182096304,7.804659297056102,4.709530201312334,8.82246957226897,4.1379263812843945,3.698604737143492
0,3459.0,0.0,25.0,3459.0,138.36,138.36,1,1,0,1,1,0,1,0,0,0,1,0,8.14902386805177,0.0,3.56953269648137,8.14902386805177,4.937060513104193,4.937060513104193
2,2957.0,0.0,81.0,2957.0,36.50617283950617,36.50617283950617,1,1,0,0,1,0,1,0,0,1,0,0,7.992268643270745,0.0,4.406719247264253,7.992268643270745,3.6245055284832794,3.6245055284832794
0,3816.0,754.0,160.0,4570.0,28.5625,23.85,1,1,0,0,1,0,0,1,0,1,0,1,8.247220052745229,6.626717749249025,5.081404364984463,8.427487278331744,3.386506666252152,3.2128577525426376
1,8624.0,0.0,150.0,8624.0,57.49333333333333,57.49333333333333,0,0,0,1,1,0,1,0,0,1,0,0,9.062420241899561,0.0,5.017279836814924,9.062420241899561,4.068912787629904,4.068912787629904
3,9357.0,0.0,292.0,9357.0,32.044520547945204,32.044520547945204,1,0,0,1,1,0,1,0,0,1,0,0,9.143986871426161,0.0,5.680172609017068,9.143986871426161,3.497855759752102,3.497855759752102
1,4283.0,3000.0,172.0,7283.0,42.343023255813954,24.901162790697676,1,1,0,0,1,1,0,0,0,0,1,1,8.36264243156764,8.006700845440367,5.153291594497779,8.8934354408475,3.769145750385386,3.2542878630914567
0,3416.0,2816.0,113.0,6232.0,55.150442477876105,30.23008849557522,0,1,0,0,1,0,1,0,0,1,0,1,8.136518252115291,7.943427767876373,4.736198448394496,8.73761303680885,4.028034561436147,3.4413820049629296
3,3850.0,983.0,100.0,4833.0,48.33,38.5,1,1,1,0,1,0,1,0,0,1,0,1,8.25608813381491,6.891625897052253,4.61512051684126,8.483429561263428,3.8985324152456466,3.676300671907076
3,3029.0,0.0,99.0,3029.0,30.595959595959595,30.595959595959595,1,1,0,0,1,0,0,1,0,1,0,0,8.016317898503415,0.0,4.605170185988092,8.016317898503415,3.453029251530612,3.453029251530612
2,8333.0,3167.0,165.0,11500.0,69.6969696969697,50.5030303030303,1,1,0,0,1,1,0,0,0,1,0,1,9.0280988119824,8.060855752934316,5.111987788356544,9.350189267092581,4.25840271055495,3.941640646774176
0,4160.0,0.0,71.0,4160.0,58.59154929577465,58.59154929577465,0,0,0,0,1,0,1,0,0,1,0,0,8.333510708982942,0.0,4.276666119016055,8.333510708982942,4.087513773678752,4.087513773678752
0,2439.0,3333.0,129.0,5772.0,44.74418604651163,18.906976744186046,1,1,0,0,1,1,0,0,0,1,0,1,7.799753318287247,8.111928063310739,4.867534450455582,8.660947155060933,3.8230647026954965,2.9910702604481796
0,20667.0,0.0,128.0,20667.0,161.4609375,161.4609375,1,1,0,0,1,1,0,0,0,1,0,0,9.936341889407075,0.0,4.859812404361672,9.936341889407075,5.0904375882573945,5.0904375882573945
0,3200.0,2254.0,126.0,5454.0,43.285714285714285,25.396825396825395,1,0,1,0,0,0,0,1,1,0,0,1,8.071218539969863,7.720905251936779,4.844187086458591,8.604287898267172,3.7906621484238787,3.273243752801395
2,4226.0,1040.0,110.0,5266.0,47.872727272727275,38.41818181818182,1,1,1,0,1,0,0,1,0,1,0,1,8.34924780056679,6.947937068614969,4.709530201312334,8.569216219483389,3.889219516410569,3.674227177327066
3,4106.0,0.0,40.0,4106.0,102.65,102.65,1,1,0,0,1,1,0,0,1,0,0,0,8.320448113956559,0.0,3.713572066704308,8.320448113956559,4.641019838881789,4.641019838881789
1,2510.0,1983.0,140.0,4493.0,32.09285714285714,17.928571428571427,1,1,1,0,1,0,0,1,1,0,0,1,7.828436359157585,7.592870287844818,4.948759890378168,8.410498452745275,3.499317462807344,2.9406724963709636
0,2500.0,0.0,96.0,2500.0,26.041666666666668,26.041666666666668,1,0,0,0,1,0,1,0,0,0,1,0,7.824445930877619,0.0,4.574710978503383,7.824445930877619,3.2973788863561446,3.2973788863561446
1,3400.0,2500.0,173.0,5900.0,34.104046242774565,19.653179190751445,1,1,0,0,1,0,1,0,0,1,0,1,8.131824785007195,7.824445930877619,5.159055299214529,8.682877107057168,3.5583164013997965,3.027869263525631
0,2583.0,2115.0,120.0,4698.0,39.15,21.525,1,1,0,0,1,0,0,1,0,1,0,1,7.857093864902493,7.65728279297819,4.795790545596741,8.455104999102815,3.6926224403927708,3.1146258034944014
0,3691.0,0.0,110.0,3691.0,33.554545454545455,33.554545454545455,1,0,1,0,1,1,0,0,0,1,0,0,8.213923595622743,0.0,4.709530201312334,8.213923595622743,3.5425391031968325,3.5425391031968325
0,10408.0,0.0,259.0,10408.0,40.18532818532819,40.18532818532819,0,0,0,0,1,0,0,1,0,1,0,0,9.250426095515468,0.0,5.560681631015528,9.250426095515468,3.718082080925945,3.718082080925945
0,5941.0,4232.0,296.0,10173.0,34.36824324324324,20.070945945945947,1,0,0,0,1,0,1,0,0,1,0,1,8.689801056022553,8.350666240520924,5.6937321388027,9.22759072538271,3.5658143339952946,3.0478951222020623
1,3717.0,2925.0,151.0,6642.0,43.98675496688742,24.6158940397351,1,1,0,0,1,0,1,0,0,1,0,1,8.220941168281389,7.98139158158007,5.0238805208462765,8.80131894766524,3.8063681123763775,3.2432130197582607
0,4100.0,0.0,124.0,4100.0,33.064516129032256,33.064516129032256,0,1,1,0,1,1,0,0,0,1,0,0,8.31898612539206,0.0,4.8283137373023015,8.31898612539206,3.5282562597810605,3.5282562597810605
3,2071.0,754.0,94.0,2825.0,30.0531914893617,22.03191489361702,1,1,1,0,1,0,1,0,0,0,1,1,7.6362696033793735,6.626717749249025,4.553876891600541,7.946617563244473,3.4357015885841107,3.1368808581665863
3,23803.0,0.0,370.0,23803.0,64.33243243243243,64.33243243243243,1,1,0,0,1,1,0,0,0,1,0,0,10.077608912764743,0.0,5.916202062607435,10.077608912764743,4.17948858116783,4.17948858116783
2,4708.0,1387.0,150.0,6095.0,40.63333333333333,31.386666666666667,1,1,0,0,1,0,1,0,0,1,0,1,8.457230850243555,7.23561914106675,5.017279836814924,8.715388097366482,3.728901128463422,3.477746815465862
0,2435.0,0.0,75.0,2435.0,32.46666666666667,32.46666666666667,1,0,0,0,1,0,0,1,0,1,0,0,7.798112628829788,0.0,4.330733340286331,7.798112628829788,3.5105499185895193,3.5105499185895193
3,5703.0,0.0,130.0,5703.0,43.86923076923077,43.86923076923077,1,1,1,1,1,1,0,0,0,1,0,0,8.648922962094131,0.0,4.875197323201151,8.648922962094131,3.8037522762980553,3.8037522762980553
0,3762.0,1666.0,135.0,5428.0,40.20740740740741,27.866666666666667,0,0,0,0,1,1,0,0,0,1,0,1,8.232971790593437,7.418780882750794,4.912654885736052,8.599510233905452,3.718618031636864,3.3626875269002796
2,6633.0,0.0,128.0,6633.0,51.8203125,51.8203125,1,1,0,1,0,1,0,0,0,1,0,0,8.799963219506997,0.0,4.859812404361672,8.799963219506997,3.9668958231710607,3.9668958231710607
1,1880.0,0.0,61.0,1880.0,30.81967213114754,30.81967213114754,1,1,0,0,1,1,0,0,0,1,0,0,7.53955882930103,0.0,4.127134385045092,7.705802869367452,3.460084718995699,3.460084718995699
0,3865.0,1640.0,128.0,5505.0,43.0078125,30.1953125,1,0,0,0,1,1,0,0,0,1,0,1,8.259975659768276,7.403061091090091,4.859812404361672,8.613593685702552,3.7843671749750967,3.4402678431436042
0,18165.0,0.0,125.0,18165.0,145.32,145.32,0,0,1,1,1,0,0,1,0,1,0,0,9.80730699406216,0.0,4.836281906951478,9.80730699406216,4.98579600408261,4.98579600408261
1,2895.0,0.0,95.0,2895.0,30.473684210526315,30.473684210526315,1,1,0,1,1,0,1,0,0,1,0,0,7.971085753505607,0.0,4.564348191467836,7.971085753505607,3.449151774784191,3.449151774784191
0,2785.0,2016.0,110.0,4801.0,43.64545454545455,25.318181818181817,1,1,0,0,1,1,0,0,0,1,0,1,7.932362154339751,7.6093665379542115,4.709530201312334,8.4767877767812,3.7987525002468283,3.2702600242146795
3,3400.0,2500.0,123.0,5900.0,47.96747967479675,27.642276422764226,1,1,0,0,0,1,0,0,0,1,0,1,8.131824785007195,7.824445930877619,4.820281565605037,8.682877107057168,3.8911563976713035,3.3548838229688203
0,2927.0,2405.0,111.0,5332.0,48.03603603603604,26.36936936936937,1,0,1,0,1,0,1,0,0,1,0,1,7.982074875081202,7.785720896534624,4.718498871295094,8.581669210600602,3.892555457121866,3.3094244818433842
0,3704.0,2000.0,120.0,5704.0,47.53333333333333,30.866666666666667,1,1,0,0,1,1,0,0,0,1,0,1,8.217438537730187,7.601402334583733,4.795790545596741,8.649098262296176,3.882250847094476,3.461560531389246
1,3875.0,0.0,67.0,3875.0,57.83582089552239,57.83582089552239,1,1,0,0,1,0,0,1,0,1,0,0,8.262558973010657,0.0,4.219507705176107,8.262558973010657,4.0747508683217,4.0747508683217
0,3750.0,0.0,100.0,3750.0,37.5,37.5,1,0,0,0,1,0,0,1,0,1,0,0,8.229777750081887,0.0,4.61512051684126,8.229777750081887,3.6506582412937387,3.6506582412937387
1,6608.0,0.0,137.0,6608.0,48.23357664233577,48.23357664233577,1,1,1,0,1,0,0,1,1,0,0,0,8.796187635470453,0.0,4.927253685157205,8.796187635470453,3.8965758428137316,3.8965758428137316
0,2130.0,6666.0,70.0,8796.0,125.65714285714286,30.428571428571427,1,1,0,0,1,0,1,0,1,0,0,1,7.664346632098617,8.80492526261806,4.2626798770413155,9.082166033252674,4.84148377325564,3.447717397297048
0,3333.0,0.0,70.0,3333.0,47.614285714285714,47.614285714285714,1,0,0,0,1,0,0,1,0,1,0,0,8.111928063310739,0.0,4.2626798770413155,8.111928063310739,3.883917432451547,3.883917432451547
0,9560.0,0.0,191.0,9560.0,50.05235602094241,50.05235602094241,1,1,0,1,1,0,1,0,0,1,0,0,9.165447603085447,0.0,5.2574953720277815,9.165447603085447,3.9328516947884893,3.9328516947884893
3,9167.0,0.0,185.0,9167.0,49.55135135135135,49.55135135135135,1,0,0,0,1,1,0,0,0,1,0,0,9.12347443895452,0.0,5.225746673713202,9.12347443895452,3.9229896780735793,3.9229896780735793
2,6125.0,1625.0,187.0,7750.0,41.44385026737968,32.75401069518717,1,1,1,0,1,0,1,0,0,0,1,1,8.72029728739272,7.3938782901077555,5.236441962829949,8.955577146281511,3.748182032236289,3.5190992456711236
2,2889.0,0.0,45.0,2889.0,64.2,64.2,1,1,1,0,0,0,0,1,1,0,0,0,7.969011781106478,0.0,3.828641396489095,7.969011781106478,4.177459468932607,4.177459468932607
2,5532.0,4648.0,162.0,10180.0,62.839506172839506,34.148148148148145,1,0,0,0,1,1,0,0,0,1,0,1,8.618485442898109,8.444407421690585,5.093750200806762,9.228278517107196,4.156372217723782,3.5595719326055986
3,3173.0,0.0,74.0,3173.0,42.87837837837838,42.87837837837838,1,1,1,0,1,0,1,0,0,1,0,0,8.062747901086354,0.0,4.31748811353631,8.062747901086354,3.7814216788986763,3.7814216788986763
0,10000.0,1666.0,225.0,11666.0,51.84888888888889,44.44444444444444,0,0,0,0,1,1,0,0,0,1,0,1,9.210440366976517,7.418780882750794,5.420534999272286,9.364519622823858,3.9674366882331586,3.816490578706582
0,4230.0,0.0,112.0,4230.0,37.767857142857146,37.767857142857146,0,0,0,0,1,0,1,0,0,1,0,0,8.350193650720067,0.0,4.727387818712341,8.350193650720067,3.6575914791431425,3.6575914791431425
2,5185.0,0.0,155.0,5185.0,33.45161290322581,33.45161290322581,1,1,0,0,1,0,1,0,0,1,0,0,8.55371796609861,0.0,5.049856007249537,8.55371796609861,3.5395558150349937,3.5395558150349937
0,2213.0,1125.0,128.0,3338.0,26.078125,17.2890625,1,1,0,0,1,0,0,1,0,1,0,1,7.7025561132685825,7.026426808699636,4.859812404361672,8.113426639943654,3.2987262063559344,2.9063032035712935
1,3988.0,0.0,50.0,3988.0,79.76,79.76,1,1,0,0,1,0,0,1,0,0,1,0,8.291295851905407,0.0,3.9318256327243257,8.291295851905407,4.391481793444637,4.391481793444637
0,3158.0,3053.0,89.0,6211.0,69.78651685393258,35.48314606741573,1,0,0,0,1,1,0,0,0,1,0,1,8.058010800802085,8.024207485778577,4.499809670330265,8.734238184268579,4.259668542647484,3.596850402370706
0,2768.0,1950.0,155.0,4718.0,30.438709677419354,17.858064516129033,1,1,0,0,1,1,0,0,0,1,0,1,7.926241523170962,7.576097340623111,5.049856007249537,8.459352191726387,3.4480399259242596,2.9369406481919995
0,14880.0,0.0,96.0,14880.0,155.0,155.0,1,1,0,0,1,0,1,0,0,1,0,0,9.60784051043005,0.0,4.574710978503383,9.60784051043005,5.049856007249537,5.049856007249537
2,3917.0,0.0,124.0,3917.0,31.588709677419356,31.588709677419356,1,1,1,0,1,0,1,0,0,1,0,0,8.273336598504486,0.0,4.8283137373023015,8.273336598504486,3.483965899473437,3.483965899473437
0,6216.0,0.0,133.0,6216.0,46.73684210526316,46.73684210526316,1,0,1,0,1,1,0,0,0,1,0,0,8.735042754269337,0.0,4.897839799950911,8.735042754269337,3.865703470948696,3.865703470948696
0,5000.0,0.0,103.0,5000.0,48.54368932038835,48.54368932038835,0,0,0,0,0,0,1,0,0,1,0,0,8.517393171418904,0.0,4.6443908991413725,8.517393171418904,3.902854892834336,3.902854892834336
0,1025.0,2773.0,112.0,3798.0,33.910714285714285,9.151785714285714,1,1,0,0,1,1,0,0,0,1,0,1,7.148817330798692,7.928045600874777,4.727387818712341,8.242493153187626,3.5527937816843167,2.3176496224554413
0,3182.0,2917.0,161.0,6099.0,37.88198757763975,19.763975155279503,1,0,0,0,1,0,0,1,0,1,0,1,8.065579427282092,7.978653729082731,5.087596335232384,8.716044050161402,3.660531099109681,3.0332195214356354
0,7933.0,0.0,275.0,7933.0,28.847272727272728,28.847272727272728,1,1,0,0,1,0,0,1,0,1,0,0,8.978912601074276,0.0,5.62040086571715,8.978912601074276,3.3960934697439793,3.3960934697439793
0,2935.0,0.0,98.0,2935.0,29.948979591836736,29.948979591836736,1,0,0,0,1,0,1,0,0,1,0,0,7.984803389734406,0.0,4.59511985013459,7.984803389734406,3.4323400290180093,3.4323400290180093
0,1928.0,1644.0,100.0,3572.0,35.72,19.28,0,1,1,0,1,0,1,0,0,1,0,1,7.564757012905729,7.405495663199472,4.61512051684126,8.181160858023409,3.6033215657522897,3.0096351787229825
0,16120.0,0.0,260.0,16120.0,62.0,62.0,1,1,0,1,1,0,0,1,0,1,0,0,9.687878048875998,0.0,5.564520407322694,9.687878048875998,4.143134726391533,4.143134726391533
3,5250.0,0.0,94.0,5250.0,55.851063829787236,55.851063829787236,1,1,0,0,1,0,0,1,0,1,0,0,8.566173813637858,0.0,4.553876891600541,8.566173813637858,4.040434932946478,4.040434932946478
1,3125.0,2583.0,170.0,5708.0,33.576470588235296,18.38235294117647,1,1,0,0,1,0,1,0,0,1,0,1,8.047509510981422,7.857093864902493,5.14166355650266,8.64979915596426,3.5431734099286007,2.964363009886346
0,3075.0,2416.0,139.0,5491.0,39.50359712230216,22.12230215827338,1,1,0,0,1,1,0,0,0,1,0,1,8.031385330625534,7.790282380703483,4.941642422609304,8.61104776688786,3.7013907880030446,3.1407976131667663
0,2137.0,8980.0,137.0,11117.0,81.14598540145985,15.598540145985401,0,0,0,0,0,0,1,0,0,1,0,1,7.6676260915849905,9.011206273122328,4.927253685157205,9.316320695513415,4.408497974165099,2.8093147484823566
1,8666.0,4983.0,376.0,13649.0,36.30053191489362,23.04787234042553,1,1,0,1,0,1,0,0,0,1,0,1,9.067277989134345,8.51398806046729,5.932245187448011,9.521494800613105,3.619007587001003,3.180046524464656
2,6250.0,5654.0,188.0,11904.0,63.319148936170215,33.244680851063826,1,1,0,0,1,0,1,0,1,0,0,1,8.740496729931813,8.640295388550221,5.241747015059643,9.384713758920963,4.163857393069399,3.533531249028804
0,3418.0,0.0,127.0,3418.0,26.913385826771652,26.913385826771652,1,0,0,0,1,0,1,0,0,1,0,0,8.137103389639302,0.0,4.852030263919617,8.137103389639302,3.3291063525076368,3.3291063525076368
2,3365.0,1917.0,112.0,5282.0,47.160714285714285,30.044642857142858,1,1,1,0,0,1,0,0,0,1,0,1,8.121480374750751,7.559038255443384,4.727387818712341,8.572249397164315,3.8745436324045808,3.435426260712767
0,5000.0,0.0,132.0,5000.0,37.878787878787875,37.878787878787875,0,0,0,0,1,1,0,0,0,1,0,0,8.517393171418904,0.0,4.890349128221754,8.517393171418904,3.660448803149156,3.660448803149156
3,8750.0,4996.0,130.0,13746.0,105.73846153846154,67.3076923076923,1,1,0,0,1,1,0,0,0,1,0,1,9.076923258535832,8.516593011344206,4.875197323201151,9.52857589747142,4.670381557634058,4.224022385530633
1,9538.0,0.0,187.0,9538.0,51.00534759358289,51.00534759358289,1,1,0,0,1,0,0,1,0,1,0,0,9.163143937145207,0.0,5.236441962829949,9.163143937145207,3.9513465516320605,3.9513465516320605
1,3155.0,1779.0,140.0,4934.0,35.24285714285714,22.535714285714285,1,1,0,0,1,0,1,0,0,1,0,1,8.057060681965766,7.484368643286131,4.948759890378168,8.504107951867582,3.5902423175499227,3.1585190243273034
0,2875.0,1750.0,105.0,4625.0,44.04761904761905,27.38095238095238,1,1,1,0,1,0,1,0,0,1,0,1,7.964155718840937,7.467942332285852,4.663439094112067,8.439447842791385,3.8077201313284554,3.3457182293419265
0,2833.0,1857.0,126.0,4690.0,37.22222222222222,22.484126984126984,1,0,0,0,1,1,0,0,0,1,0,1,7.949444420250626,7.527255919373784,4.844187086458591,8.453401058328458,3.643417080037179,3.1563247454487318
3,4342.0,189.0,124.0,4531.0,36.54032258064516,35.016129032258064,1,1,0,0,1,0,1,0,0,1,0,1,8.376320632534823,5.247024072160486,4.8283137373023015,8.418918622147897,3.6254156241061306,3.583966866795066
1,4166.0,3369.0,201.0,7535.0,37.48756218905473,20.72636815920398,1,1,0,0,1,0,0,1,0,1,0,1,8.334951631422454,8.122668023346407,5.308267697401205,8.927446816256198,3.6503351290740547,3.0785266454264852
1,6400.0,7250.0,180.0,13650.0,75.83333333333333,35.55555555555556,1,1,0,0,0,0,0,1,0,1,0,1,8.764209507142004,8.888894669371593,5.198497031265826,9.521568058002977,4.341638573768593,3.5988331734291528
0,4300.0,2014.0,194.0,6314.0,32.54639175257732,22.164948453608247,1,1,1,0,1,1,0,0,0,1,0,1,8.366602832783736,7.608374474380783,5.272999558563747,8.750683034784592,3.5129293092756004,3.1426402936819464
0,17263.0,0.0,225.0,17263.0,76.72444444444444,76.72444444444444,0,0,1,1,1,0,1,0,0,1,0,0,9.756378687497916,0.0,5.420534999272286,9.756378687497916,4.3531698082118995,4.3531698082118995
2,2301.0,985.7999878,78.0,3286.7999878,42.13846138205128,29.5,1,1,0,0,1,0,0,1,1,0,0,1,7.741533589281828,6.894467372292008,4.3694478524670215,8.097973923364721,3.764414974633071,3.417726683613366
0,1863.0,1041.0,98.0,2904.0,29.632653061224488,19.010204081632654,1,1,1,0,1,0,1,0,0,1,0,1,7.530479995245536,6.948897222313312,4.59511985013459,7.974188669286011,3.4220665335228353,2.9962423475257745
2,4652.0,0.0,110.0,4652.0,42.29090909090909,42.29090909090909,1,1,1,0,1,1,0,0,0,1,0,0,8.445267451844648,0.0,4.709530201312334,8.445267451844648,3.767942661254392,3.767942661254392
0,6500.0,0.0,105.0,6500.0,61.904761904761905,61.904761904761905,1,0,0,0,0,1,0,0,0,1,0,0,8.77971129020447,0.0,4.663439094112067,8.77971129020447,4.141621866798903,4.141621866798903
0,4652.0,3583.0,128.0,8235.0,64.3359375,36.34375,1,1,0,0,1,0,1,0,0,1,0,1,8.445267451844648,8.18423477409482,4.859812404361672,9.01627006814768,4.179542229461909,3.6201655615658845
2,8799.0,0.0,258.0,8799.0,34.104651162790695,34.104651162790695,1,1,0,0,0,0,0,1,0,1,0,0,9.082507000466299,0.0,5.556828061699537,9.082507000466299,3.558333633453331,3.558333633453331
1,8300.0,0.0,152.0,8300.0,54.60526315789474,54.60526315789474,1,1,0,0,0,0,1,0,0,0,1,0,9.024131268455035,0.0,5.030437921392435,9.024131268455035,4.018277857889671,4.018277857889671
2,3273.0,1820.0,81.0,5093.0,62.876543209876544,40.407407407407405,1,1,1,0,1,0,0,1,0,1,0,1,8.09376775793108,7.507141079727608,4.406719247264253,8.535818655539403,4.156952208073536,3.7234597877107154
1,2491.0,2054.0,104.0,4545.0,43.70192307692308,23.951923076923077,1,1,0,0,1,0,1,0,0,1,0,1,7.820840879907344,7.628031126930335,4.653960350157523,8.422003004412488,3.800016522549212,3.2169508964586164
0,5050.0,0.0,118.0,5050.0,42.79661016949152,42.79661016949152,1,0,0,0,1,0,1,0,0,1,0,0,8.527341522468053,0.0,4.77912349311153,8.527341522468053,3.779556420996773,3.779556420996773
0,2500.0,20000.0,103.0,22500.0,218.44660194174756,24.271844660194176,1,0,0,0,1,0,1,0,0,1,0,1,7.824445930877619,9.011206273122328,4.6443908991413725,10.021315031649332,5.391108931583953,3.2296909167649295
1,3052.0,1030.0,100.0,4082.0,40.82,30.52,1,1,0,0,1,0,0,1,0,1,0,1,8.023879992734878,6.93828448401696,4.61512051684126,8.314587291319576,3.7333746940004877,3.4506222649896783
0,6333.0,4583.0,259.0,10916.0,42.14671814671814,24.45173745173745,1,1,0,0,1,0,1,0,0,1,0,1,8.753687227098585,8.430327258394575,5.560681631015528,9.29807648628027,3.764606357782232,3.23678400988977
2,6250.0,1300.0,108.0,7550.0,69.9074074074074,57.870370370370374,1,1,0,1,1,1,0,0,0,1,0,1,8.740496729931813,7.170888478512505,4.6913478822291435,8.929435283803425,4.26137490491302,4.0753379143465285
2,3083.0,2168.0,126.0,5251.0,41.67460317460318,24.46825396825397,1,1,1,0,1,0,0,1,0,1,0,1,8.03398273468322,7.682021510826875,4.844187086458591,8.566364235422688,3.7536039698582,3.237432734158379
2,3357.0,2859.0,144.0,6216.0,43.166666666666664,23.3125,1,1,1,0,1,0,0,1,0,1,0,1,8.119100837637486,7.958576903813898,4.976733742420574,8.735042754269337,3.787970356758167,3.190990621378665
0,4843.0,3806.0,151.0,8649.0,57.27814569536424,32.0728476821192,1,0,0,0,1,0,1,0,0,1,0,1,8.485496104672983,8.244596756382498,5.0238805208462765,9.065314599925925,4.0652271636513735,3.4987126340247943
2,4200.0,1430.0,129.0,5630.0,43.64341085271318,32.55813953488372,1,1,1,0,1,1,0,0,0,1,0,1,8.343077871169383,7.266128779556451,4.867534450455582,8.636042325254618,3.7987067231450005,3.5132794430803083
2,4583.0,2083.0,160.0,6666.0,41.6625,28.64375,1,1,0,1,1,0,1,0,0,1,0,1,8.430327258394575,7.642044402873258,5.081404364984463,8.80492526261806,3.7533203142328255,3.389251310643755
0,2980.0,2083.0,120.0,5063.0,42.19166666666667,24.833333333333332,1,0,0,0,1,1,0,0,0,1,0,1,8.000014093678072,7.642044402873258,4.795790545596741,8.529911963824013,3.7656475754076606,3.2516656476911914
0,3692.0,0.0,93.0,3692.0,39.69892473118279,39.69892473118279,0,0,0,0,1,1,0,0,0,1,0,0,8.214194414852564,0.0,4.543294782270004,8.214194414852564,3.706201672718293,3.706201672718293
2,7948.0,7166.0,480.0,15114.0,31.4875,16.558333333333334,1,1,0,1,1,1,0,0,0,1,0,1,8.980801413573113,8.877242435993919,6.175867270105761,9.623442907213558,3.4808553999676084,2.865528671022143
0,3941.0,2336.0,134.0,6277.0,46.843283582089555,29.41044776119403,1,1,0,0,1,0,1,0,0,1,0,1,8.279443487712665,7.756623334538858,4.90527477843843,8.744806737401898,3.867930744036346,3.4147862257240518
1,4692.0,0.0,106.0,4692.0,44.264150943396224,44.264150943396224,1,0,0,1,1,1,0,0,0,1,0,0,8.453827315794417,0.0,4.672828834461906,8.453827315794417,3.8125153492875725,3.8125153492875725
1,4050.0,5302.0,138.0,9352.0,67.76811594202898,29.347826086956523,1,1,1,0,1,1,0,0,0,1,0,1,8.30671904320269,8.57602797713713,4.9344739331306915,9.143452426434552,4.230740206446769,3.4127248868332227
0,4758.0,0.0,158.0,4758.0,30.11392405063291,30.11392405063291,1,1,0,0,1,0,1,0,0,0,1,0,8.46779284112111,0.0,5.0689042022202315,8.46779284112111,3.4376554376589588,3.4376554376589588
0,4467.0,0.0,120.0,4467.0,37.225,37.225,1,1,1,0,1,1,0,0,0,1,0,0,8.404696160189092,0.0,4.795790545596741,8.404696160189092,3.643489751815126,3.643489751815126
2,9323.0,7873.0,380.0,17196.0,45.252631578947366,24.53421052631579,1,1,0,1,1,1,0,0,0,0,1,1,9.140347000155648,8.971321471503682,5.942799375126701,9.752490228984199,3.8341183613440144,3.240019142304868
0,3000.0,1666.0,100.0,4666.0,46.66,30.0,1,1,1,0,0,0,0,1,0,0,1,1,8.006700845440367,7.418780882750794,4.61512051684126,8.448271745949816,3.8640924716705958,3.4339872044851463
0,2958.0,2900.0,131.0,5858.0,44.717557251908396,22.580152671755727,1,1,0,0,1,0,1,0,0,1,0,1,7.99260665240021,7.972810784121404,4.882801922586371,8.675734219544788,3.8224824090633107,3.1604053697174304
0,6256.0,0.0,160.0,6256.0,39.1,39.1,1,1,0,0,1,0,0,1,0,1,0,0,8.741456115998364,0.0,5.081404364984463,8.741456115998364,3.6913763343125234,3.6913763343125234
1,33846.0,0.0,260.0,33846.0,130.1769230769231,130.1769230769231,1,1,0,0,1,0,1,0,0,1,0,0,10.429605648120413,0.0,5.564520407322694,10.429605648120413,4.876546969857332,4.876546969857332
1,11250.0,0.0,196.0,11250.0,57.39795918367347,57.39795918367347,1,0,0,0,1,0,1,0,0,1,0,0,9.328212292571072,0.0,5.2832037287379885,9.328212292571072,4.06728094373853,4.06728094373853
1,4723.0,0.0,81.0,4723.0,58.30864197530864,58.30864197530864,0,0,0,0,1,0,1,0,0,1,0,0,8.460411177317253,0.0,4.406719247264253,8.460411177317253,4.082755028527435,4.082755028527435
0,7167.0,0.0,128.0,7167.0,55.9921875,55.9921875,1,0,0,1,1,0,0,1,0,1,0,0,8.877381954654766,0.0,4.859812404361672,8.877381954654766,4.042914197037269,4.042914197037269
1,4666.0,0.0,135.0,4666.0,34.56296296296296,34.56296296296296,0,1,0,0,1,0,0,1,0,1,0,0,8.448271745949816,0.0,4.912654885736052,8.448271745949816,3.571304730092511,3.571304730092511
0,3539.0,1376.0,55.0,4915.0,89.36363636363636,64.34545454545454,1,1,0,0,1,1,0,0,0,1,0,1,8.17188200612782,7.227662498728654,4.02535169073515,8.500250470685925,4.503841933858204,4.1796878821110335
1,2214.0,1398.0,85.0,3612.0,42.49411764705882,26.04705882352941,1,1,0,0,1,0,0,1,0,1,0,1,7.703007682479236,7.243512974665482,4.454347296253507,8.19229373114764,3.7726257024463155,3.297578268272865
0,2971.0,2791.0,144.0,5762.0,40.013888888888886,20.631944444444443,1,0,0,0,1,0,1,0,0,1,0,1,7.99699040583765,7.934513463882263,4.976733742420574,8.659213451436667,3.7139107627278674,3.074171131645553
0,2625.0,6250.0,187.0,8875.0,47.45989304812834,14.037433155080214,1,1,0,0,1,1,0,0,0,1,0,1,7.873217054862741,8.740496729931813,5.236441962829949,9.091106284052485,3.8807365083724967,2.710542636075969
0,2799.0,2253.0,122.0,5052.0,41.40983606557377,22.942622950819672,1,1,0,0,1,0,1,0,0,1,0,1,7.937374696163295,7.720461694599722,4.812184355372417,8.527737405291909,3.747380318012718,3.1756602576544846
0,2484.0,2302.0,137.0,4786.0,34.934306569343065,18.131386861313867,0,1,0,0,1,0,1,0,0,1,0,1,7.818027938530729,7.741967899820685,4.927253685157205,8.473659189392508,3.5816924539300756,2.9513302774952814
0,2423.0,505.0,130.0,2928.0,22.523076923076925,18.638461538461538,0,1,0,0,1,0,1,0,0,1,0,1,7.793174347189205,6.226536669287466,4.875197323201151,7.982416346827733,3.1579819360334254,2.9774899667859014
